"","seqnames","start","end","width","strand","Allele","Consequence","IMPACT","SYMBOL","Gene","Feature_type","Feature","BIOTYPE","EXON","INTRON","HGVSc","HGVSp","cDNA_position","CDS_position","Protein_position","Amino_acids","Codons","Existing_variation","DISTANCE","STRAND","FLAGS","SYMBOL_SOURCE","HGNC_ID","SIFT","PolyPhen","CLIN_SIG","SOMATIC","PHENO","PUBMED","MOTIF_NAME","MOTIF_POS","HIGH_INF_POS","MOTIF_SCORE_CHANGE","TRANSCRIPTION_FACTORS"
"1","1",39957913,39957913,1,"*","G","intron_variant","MODIFIER","MFSD2A","ENSG00000168389","Transcript","ENST00000372809","protein_coding",NA,"2/13",NA,NA,NA,NA,NA,NA,NA,NA,NA,"1",NA,"HGNC","HGNC:25897",NA,NA,NA,NA,NA,NA,NA,NA,NA,NA,NA
"2","1",39957913,39957913,1,"*","G","intron_variant","MODIFIER","MFSD2A","ENSG00000168389","Transcript","ENST00000372811","protein_coding",NA,"2/13",NA,NA,NA,NA,NA,NA,NA,NA,NA,"1",NA,"HGNC","HGNC:25897",NA,NA,NA,NA,NA,NA,NA,NA,NA,NA,NA
"3","1",39957913,39957913,1,"*","G","intron_variant","MODIFIER","MFSD2A","ENSG00000168389","Transcript","ENST00000420632","protein_coding",NA,"1/11",NA,NA,NA,NA,NA,NA,NA,NA,NA,"1",NA,"HGNC","HGNC:25897",NA,NA,NA,NA,NA,NA,NA,NA,NA,NA,NA
"4","1",39957913,39957913,1,"*","G","intron_variant","MODIFIER","MFSD2A","ENSG00000168389","Transcript","ENST00000434861","protein_coding",NA,"2/6",NA,NA,NA,NA,NA,NA,NA,NA,NA,"1","cds_end_NF","HGNC","HGNC:25897",NA,NA,NA,NA,NA,NA,NA,NA,NA,NA,NA
"5","1",39957913,39957913,1,"*","G","non_coding_transcript_exon_variant","MODIFIER","MFSD2A","ENSG00000168389","Transcript","ENST00000469745","processed_transcript","1/8",NA,NA,NA,"93",NA,NA,NA,NA,NA,NA,"1",NA,"HGNC","HGNC:25897",NA,NA,NA,NA,NA,NA,NA,NA,NA,NA,NA
"6","1",39957913,39957913,1,"*","G","intron_variant&non_coding_transcript_variant","MODIFIER","MFSD2A","ENSG00000168389","Transcript","ENST00000483824","processed_transcript",NA,"2/11",NA,NA,NA,NA,NA,NA,NA,NA,NA,"1",NA,"HGNC","HGNC:25897",NA,NA,NA,NA,NA,NA,NA,NA,NA,NA,NA
"7","1",86557967,86557967,1,"*","A","intron_variant","MODIFIER","CLCA4","ENSG00000016602","Transcript","ENST00000370563","protein_coding",NA,"1/13",NA,NA,NA,NA,NA,NA,NA,NA,NA,"1",NA,"HGNC","HGNC:2018",NA,NA,NA,NA,NA,NA,NA,NA,NA,NA,NA
"8","1",109704525,109704525,1,"*","T","intron_variant","MODIFIER","GSTM2","ENSG00000213366","Transcript","ENST00000369831","protein_coding",NA,"7/7",NA,NA,NA,NA,NA,NA,NA,"rs1367041492",NA,"1",NA,"HGNC","HGNC:4634",NA,NA,NA,NA,NA,NA,NA,NA,NA,NA,NA
"9","1",109704525,109704525,1,"*","T","downstream_gene_variant","MODIFIER","GSTM2","ENSG00000213366","Transcript","ENST00000460717","protein_coding",NA,NA,NA,NA,NA,NA,NA,NA,NA,"rs1367041492","2083","1",NA,"HGNC","HGNC:4634",NA,NA,NA,NA,NA,NA,NA,NA,NA,NA,NA
"10","1",109704525,109704525,1,"*","T","intron_variant","MODIFIER","GSTM1","ENSG00000134184","Transcript","ENST00000483399","protein_coding",NA,"4/4",NA,NA,NA,NA,NA,NA,NA,"rs1367041492",NA,"1",NA,"HGNC","HGNC:4632",NA,NA,NA,NA,NA,NA,NA,NA,NA,NA,NA
"11","1",109704525,109704525,1,"*","T","intron_variant&non_coding_transcript_variant","MODIFIER","GSTM1","ENSG00000134184","Transcript","ENST00000490021","processed_transcript",NA,"4/4",NA,NA,NA,NA,NA,NA,NA,"rs1367041492",NA,"1",NA,"HGNC","HGNC:4632",NA,NA,NA,NA,NA,NA,NA,NA,NA,NA,NA
"12","1",109704525,109704525,1,"*","T","upstream_gene_variant","MODIFIER","GSTM2","ENSG00000213366","Transcript","ENST00000624726","TEC",NA,NA,NA,NA,NA,NA,NA,NA,NA,"rs1367041492","706","1",NA,"HGNC","HGNC:4634",NA,NA,NA,NA,NA,NA,NA,NA,NA,NA,NA
"13","1",109704618,109704618,1,"*","G","intron_variant","MODIFIER","GSTM2","ENSG00000213366","Transcript","ENST00000369831","protein_coding",NA,"7/7",NA,NA,NA,NA,NA,NA,NA,NA,NA,"1",NA,"HGNC","HGNC:4634",NA,NA,NA,NA,NA,NA,NA,NA,NA,NA,NA
"14","1",109704618,109704618,1,"*","G","downstream_gene_variant","MODIFIER","GSTM2","ENSG00000213366","Transcript","ENST00000460717","protein_coding",NA,NA,NA,NA,NA,NA,NA,NA,NA,NA,"2176","1",NA,"HGNC","HGNC:4634",NA,NA,NA,NA,NA,NA,NA,NA,NA,NA,NA
"15","1",109704618,109704618,1,"*","G","intron_variant","MODIFIER","GSTM1","ENSG00000134184","Transcript","ENST00000483399","protein_coding",NA,"4/4",NA,NA,NA,NA,NA,NA,NA,NA,NA,"1",NA,"HGNC","HGNC:4632",NA,NA,NA,NA,NA,NA,NA,NA,NA,NA,NA
"16","1",109704618,109704618,1,"*","G","intron_variant&non_coding_transcript_variant","MODIFIER","GSTM1","ENSG00000134184","Transcript","ENST00000490021","processed_transcript",NA,"4/4",NA,NA,NA,NA,NA,NA,NA,NA,NA,"1",NA,"HGNC","HGNC:4632",NA,NA,NA,NA,NA,NA,NA,NA,NA,NA,NA
"17","1",109704618,109704618,1,"*","G","upstream_gene_variant","MODIFIER","GSTM2","ENSG00000213366","Transcript","ENST00000624726","TEC",NA,NA,NA,NA,NA,NA,NA,NA,NA,NA,"613","1",NA,"HGNC","HGNC:4634",NA,NA,NA,NA,NA,NA,NA,NA,NA,NA,NA
"18","1",109735298,109735298,1,"*","C","3_prime_UTR_variant","MODIFIER","GSTM3","ENSG00000134202","Transcript","ENST00000256594","protein_coding","8/8",NA,NA,NA,"2680",NA,NA,NA,NA,NA,NA,"-1",NA,"HGNC","HGNC:4635",NA,NA,NA,NA,NA,NA,NA,NA,NA,NA,NA
"19","1",109735298,109735298,1,"*","C","3_prime_UTR_variant","MODIFIER","GSTM3","ENSG00000134202","Transcript","ENST00000361066","protein_coding","9/9",NA,NA,NA,"2761",NA,NA,NA,NA,NA,NA,"-1",NA,"HGNC","HGNC:4635",NA,NA,NA,NA,NA,NA,NA,NA,NA,NA,NA
"20","1",109735298,109735298,1,"*","C","intron_variant&non_coding_transcript_variant","MODIFIER","GSTM5","ENSG00000134201","Transcript","ENST00000429410","processed_transcript",NA,"1/1",NA,NA,NA,NA,NA,NA,NA,NA,NA,"1",NA,"HGNC","HGNC:4637",NA,NA,NA,NA,NA,NA,NA,NA,NA,NA,NA
"21","1",109735298,109735298,1,"*","C","downstream_gene_variant","MODIFIER","GSTM3","ENSG00000134202","Transcript","ENST00000476321","processed_transcript",NA,NA,NA,NA,NA,NA,NA,NA,NA,NA,"1677","-1",NA,"HGNC","HGNC:4635",NA,NA,NA,NA,NA,NA,NA,NA,NA,NA,NA
"22","1",109735298,109735298,1,"*","C","downstream_gene_variant","MODIFIER","GSTM3","ENSG00000134202","Transcript","ENST00000486823","processed_transcript",NA,NA,NA,NA,NA,NA,NA,NA,NA,NA,"1632","-1",NA,"HGNC","HGNC:4635",NA,NA,NA,NA,NA,NA,NA,NA,NA,NA,NA
"23","1",109735298,109735298,1,"*","C","downstream_gene_variant","MODIFIER","GSTM3","ENSG00000134202","Transcript","ENST00000488824","processed_transcript",NA,NA,NA,NA,NA,NA,NA,NA,NA,NA,"1678","-1",NA,"HGNC","HGNC:4635",NA,NA,NA,NA,NA,NA,NA,NA,NA,NA,NA
"24","1",109735298,109735298,1,"*","C","downstream_gene_variant","MODIFIER","GSTM3","ENSG00000134202","Transcript","ENST00000540225","protein_coding",NA,NA,NA,NA,NA,NA,NA,NA,NA,NA,"2067","-1",NA,"HGNC","HGNC:4635",NA,NA,NA,NA,NA,NA,NA,NA,NA,NA,NA
"25","1",109735416,109735416,1,"*","C","3_prime_UTR_variant","MODIFIER","GSTM3","ENSG00000134202","Transcript","ENST00000256594","protein_coding","8/8",NA,NA,NA,"2562",NA,NA,NA,NA,NA,NA,"-1",NA,"HGNC","HGNC:4635",NA,NA,NA,NA,NA,NA,NA,NA,NA,NA,NA
"26","1",109735416,109735416,1,"*","C","3_prime_UTR_variant","MODIFIER","GSTM3","ENSG00000134202","Transcript","ENST00000361066","protein_coding","9/9",NA,NA,NA,"2643",NA,NA,NA,NA,NA,NA,"-1",NA,"HGNC","HGNC:4635",NA,NA,NA,NA,NA,NA,NA,NA,NA,NA,NA
"27","1",109735416,109735416,1,"*","C","intron_variant&non_coding_transcript_variant","MODIFIER","GSTM5","ENSG00000134201","Transcript","ENST00000429410","processed_transcript",NA,"1/1",NA,NA,NA,NA,NA,NA,NA,NA,NA,"1",NA,"HGNC","HGNC:4637",NA,NA,NA,NA,NA,NA,NA,NA,NA,NA,NA
"28","1",109735416,109735416,1,"*","C","downstream_gene_variant","MODIFIER","GSTM3","ENSG00000134202","Transcript","ENST00000476321","processed_transcript",NA,NA,NA,NA,NA,NA,NA,NA,NA,NA,"1559","-1",NA,"HGNC","HGNC:4635",NA,NA,NA,NA,NA,NA,NA,NA,NA,NA,NA
"29","1",109735416,109735416,1,"*","C","downstream_gene_variant","MODIFIER","GSTM3","ENSG00000134202","Transcript","ENST00000486823","processed_transcript",NA,NA,NA,NA,NA,NA,NA,NA,NA,NA,"1514","-1",NA,"HGNC","HGNC:4635",NA,NA,NA,NA,NA,NA,NA,NA,NA,NA,NA
"30","1",109735416,109735416,1,"*","C","downstream_gene_variant","MODIFIER","GSTM3","ENSG00000134202","Transcript","ENST00000488824","processed_transcript",NA,NA,NA,NA,NA,NA,NA,NA,NA,NA,"1560","-1",NA,"HGNC","HGNC:4635",NA,NA,NA,NA,NA,NA,NA,NA,NA,NA,NA
"31","1",109735416,109735416,1,"*","C","downstream_gene_variant","MODIFIER","GSTM3","ENSG00000134202","Transcript","ENST00000540225","protein_coding",NA,NA,NA,NA,NA,NA,NA,NA,NA,NA,"1949","-1",NA,"HGNC","HGNC:4635",NA,NA,NA,NA,NA,NA,NA,NA,NA,NA,NA
"32","1",109737063,109737063,1,"*","T","3_prime_UTR_variant","MODIFIER","GSTM3","ENSG00000134202","Transcript","ENST00000256594","protein_coding","8/8",NA,NA,NA,"915",NA,NA,NA,NA,NA,NA,"-1",NA,"HGNC","HGNC:4635",NA,NA,NA,NA,NA,NA,NA,NA,NA,NA,NA
"33","1",109737063,109737063,1,"*","T","3_prime_UTR_variant","MODIFIER","GSTM3","ENSG00000134202","Transcript","ENST00000361066","protein_coding","9/9",NA,NA,NA,"996",NA,NA,NA,NA,NA,NA,"-1",NA,"HGNC","HGNC:4635",NA,NA,NA,NA,NA,NA,NA,NA,NA,NA,NA
"34","1",109737063,109737063,1,"*","T","intron_variant&non_coding_transcript_variant","MODIFIER","GSTM5","ENSG00000134201","Transcript","ENST00000429410","processed_transcript",NA,"1/1",NA,NA,NA,NA,NA,NA,NA,NA,NA,"1",NA,"HGNC","HGNC:4637",NA,NA,NA,NA,NA,NA,NA,NA,NA,NA,NA
"35","1",109737063,109737063,1,"*","T","non_coding_transcript_exon_variant","MODIFIER","GSTM3","ENSG00000134202","Transcript","ENST00000476321","processed_transcript","3/3",NA,NA,NA,"654",NA,NA,NA,NA,NA,NA,"-1",NA,"HGNC","HGNC:4635",NA,NA,NA,NA,NA,NA,NA,NA,NA,NA,NA
"36","1",109737063,109737063,1,"*","T","non_coding_transcript_exon_variant","MODIFIER","GSTM3","ENSG00000134202","Transcript","ENST00000486823","processed_transcript","7/7",NA,NA,NA,"650",NA,NA,NA,NA,NA,NA,"-1",NA,"HGNC","HGNC:4635",NA,NA,NA,NA,NA,NA,NA,NA,NA,NA,NA
"37","1",109737063,109737063,1,"*","T","non_coding_transcript_exon_variant","MODIFIER","GSTM3","ENSG00000134202","Transcript","ENST00000488824","processed_transcript","7/7",NA,NA,NA,"1031",NA,NA,NA,NA,NA,NA,"-1",NA,"HGNC","HGNC:4635",NA,NA,NA,NA,NA,NA,NA,NA,NA,NA,NA
"38","1",109737063,109737063,1,"*","T","downstream_gene_variant","MODIFIER","GSTM3","ENSG00000134202","Transcript","ENST00000540225","protein_coding",NA,NA,NA,NA,NA,NA,NA,NA,NA,NA,"302","-1",NA,"HGNC","HGNC:4635",NA,NA,NA,NA,NA,NA,NA,NA,NA,NA,NA
"39","1",109737090,109737090,1,"*","A","missense_variant","MODERATE","GSTM3","ENSG00000134202","Transcript","ENST00000256594","protein_coding","8/8",NA,NA,NA,"888","659","220","A/V","gCc/gTc",NA,NA,"-1",NA,"HGNC","HGNC:4635","deleterious(0.01)","possibly_damaging(0.88)",NA,NA,NA,NA,NA,NA,NA,NA,NA
"40","1",109737090,109737090,1,"*","A","missense_variant","MODERATE","GSTM3","ENSG00000134202","Transcript","ENST00000361066","protein_coding","9/9",NA,NA,NA,"969","659","220","A/V","gCc/gTc",NA,NA,"-1",NA,"HGNC","HGNC:4635","deleterious(0.01)","possibly_damaging(0.88)",NA,NA,NA,NA,NA,NA,NA,NA,NA
"41","1",109737090,109737090,1,"*","A","intron_variant&non_coding_transcript_variant","MODIFIER","GSTM5","ENSG00000134201","Transcript","ENST00000429410","processed_transcript",NA,"1/1",NA,NA,NA,NA,NA,NA,NA,NA,NA,"1",NA,"HGNC","HGNC:4637",NA,NA,NA,NA,NA,NA,NA,NA,NA,NA,NA
"42","1",109737090,109737090,1,"*","A","non_coding_transcript_exon_variant","MODIFIER","GSTM3","ENSG00000134202","Transcript","ENST00000476321","processed_transcript","3/3",NA,NA,NA,"627",NA,NA,NA,NA,NA,NA,"-1",NA,"HGNC","HGNC:4635",NA,NA,NA,NA,NA,NA,NA,NA,NA,NA,NA
"43","1",109737090,109737090,1,"*","A","non_coding_transcript_exon_variant","MODIFIER","GSTM3","ENSG00000134202","Transcript","ENST00000486823","processed_transcript","7/7",NA,NA,NA,"623",NA,NA,NA,NA,NA,NA,"-1",NA,"HGNC","HGNC:4635",NA,NA,NA,NA,NA,NA,NA,NA,NA,NA,NA
"44","1",109737090,109737090,1,"*","A","non_coding_transcript_exon_variant","MODIFIER","GSTM3","ENSG00000134202","Transcript","ENST00000488824","processed_transcript","7/7",NA,NA,NA,"1004",NA,NA,NA,NA,NA,NA,"-1",NA,"HGNC","HGNC:4635",NA,NA,NA,NA,NA,NA,NA,NA,NA,NA,NA
"45","1",109737090,109737090,1,"*","A","downstream_gene_variant","MODIFIER","GSTM3","ENSG00000134202","Transcript","ENST00000540225","protein_coding",NA,NA,NA,NA,NA,NA,NA,NA,NA,NA,"275","-1",NA,"HGNC","HGNC:4635",NA,NA,NA,NA,NA,NA,NA,NA,NA,NA,NA
"46","1",109737132,109737132,1,"*","C","missense_variant","MODERATE","GSTM3","ENSG00000134202","Transcript","ENST00000256594","protein_coding","8/8",NA,NA,NA,"846","617","206","Q/R","cAg/cGg",NA,NA,"-1",NA,"HGNC","HGNC:4635","tolerated(1)","benign(0)",NA,NA,NA,NA,NA,NA,NA,NA,NA
"47","1",109737132,109737132,1,"*","C","missense_variant","MODERATE","GSTM3","ENSG00000134202","Transcript","ENST00000361066","protein_coding","9/9",NA,NA,NA,"927","617","206","Q/R","cAg/cGg",NA,NA,"-1",NA,"HGNC","HGNC:4635","tolerated(1)","benign(0)",NA,NA,NA,NA,NA,NA,NA,NA,NA
"48","1",109737132,109737132,1,"*","C","intron_variant&non_coding_transcript_variant","MODIFIER","GSTM5","ENSG00000134201","Transcript","ENST00000429410","processed_transcript",NA,"1/1",NA,NA,NA,NA,NA,NA,NA,NA,NA,"1",NA,"HGNC","HGNC:4637",NA,NA,NA,NA,NA,NA,NA,NA,NA,NA,NA
"49","1",109737132,109737132,1,"*","C","non_coding_transcript_exon_variant","MODIFIER","GSTM3","ENSG00000134202","Transcript","ENST00000476321","processed_transcript","3/3",NA,NA,NA,"585",NA,NA,NA,NA,NA,NA,"-1",NA,"HGNC","HGNC:4635",NA,NA,NA,NA,NA,NA,NA,NA,NA,NA,NA
"50","1",109737132,109737132,1,"*","C","non_coding_transcript_exon_variant","MODIFIER","GSTM3","ENSG00000134202","Transcript","ENST00000486823","processed_transcript","7/7",NA,NA,NA,"581",NA,NA,NA,NA,NA,NA,"-1",NA,"HGNC","HGNC:4635",NA,NA,NA,NA,NA,NA,NA,NA,NA,NA,NA
"51","1",109737132,109737132,1,"*","C","non_coding_transcript_exon_variant","MODIFIER","GSTM3","ENSG00000134202","Transcript","ENST00000488824","processed_transcript","7/7",NA,NA,NA,"962",NA,NA,NA,NA,NA,NA,"-1",NA,"HGNC","HGNC:4635",NA,NA,NA,NA,NA,NA,NA,NA,NA,NA,NA
"52","1",109737132,109737132,1,"*","C","downstream_gene_variant","MODIFIER","GSTM3","ENSG00000134202","Transcript","ENST00000540225","protein_coding",NA,NA,NA,NA,NA,NA,NA,NA,NA,NA,"233","-1",NA,"HGNC","HGNC:4635",NA,NA,NA,NA,NA,NA,NA,NA,NA,NA,NA
"53","1",109737172,109737172,1,"*","T","splice_region_variant&intron_variant","LOW","GSTM3","ENSG00000134202","Transcript","ENST00000256594","protein_coding",NA,"7/7",NA,NA,NA,NA,NA,NA,NA,"COSV56663250",NA,"-1",NA,"HGNC","HGNC:4635",NA,NA,NA,"1","1",NA,NA,NA,NA,NA,NA
"54","1",109737172,109737172,1,"*","T","splice_region_variant&intron_variant","LOW","GSTM3","ENSG00000134202","Transcript","ENST00000361066","protein_coding",NA,"8/8",NA,NA,NA,NA,NA,NA,NA,"COSV56663250",NA,"-1",NA,"HGNC","HGNC:4635",NA,NA,NA,"1","1",NA,NA,NA,NA,NA,NA
"55","1",109737172,109737172,1,"*","T","intron_variant&non_coding_transcript_variant","MODIFIER","GSTM5","ENSG00000134201","Transcript","ENST00000429410","processed_transcript",NA,"1/1",NA,NA,NA,NA,NA,NA,NA,"COSV56663250",NA,"1",NA,"HGNC","HGNC:4637",NA,NA,NA,"1","1",NA,NA,NA,NA,NA,NA
"56","1",109737172,109737172,1,"*","T","non_coding_transcript_exon_variant","MODIFIER","GSTM3","ENSG00000134202","Transcript","ENST00000476321","processed_transcript","3/3",NA,NA,NA,"545",NA,NA,NA,NA,"COSV56663250",NA,"-1",NA,"HGNC","HGNC:4635",NA,NA,NA,"1","1",NA,NA,NA,NA,NA,NA
"57","1",109737172,109737172,1,"*","T","splice_region_variant&intron_variant&non_coding_transcript_variant","LOW","GSTM3","ENSG00000134202","Transcript","ENST00000486823","processed_transcript",NA,"6/6",NA,NA,NA,NA,NA,NA,NA,"COSV56663250",NA,"-1",NA,"HGNC","HGNC:4635",NA,NA,NA,"1","1",NA,NA,NA,NA,NA,NA
"58","1",109737172,109737172,1,"*","T","splice_region_variant&intron_variant&non_coding_transcript_variant","LOW","GSTM3","ENSG00000134202","Transcript","ENST00000488824","processed_transcript",NA,"6/6",NA,NA,NA,NA,NA,NA,NA,"COSV56663250",NA,"-1",NA,"HGNC","HGNC:4635",NA,NA,NA,"1","1",NA,NA,NA,NA,NA,NA
"59","1",109737172,109737172,1,"*","T","downstream_gene_variant","MODIFIER","GSTM3","ENSG00000134202","Transcript","ENST00000540225","protein_coding",NA,NA,NA,NA,NA,NA,NA,NA,NA,"COSV56663250","193","-1",NA,"HGNC","HGNC:4635",NA,NA,NA,"1","1",NA,NA,NA,NA,NA,NA
"60","1",109742485,109742485,1,"*","A","upstream_gene_variant","MODIFIER","GSTM3","ENSG00000134202","Transcript","ENST00000256594","protein_coding",NA,NA,NA,NA,NA,NA,NA,NA,NA,NA,"1969","-1",NA,"HGNC","HGNC:4635",NA,NA,NA,NA,NA,NA,NA,NA,NA,NA,NA
"61","1",109742485,109742485,1,"*","A","upstream_gene_variant","MODIFIER","GSTM3","ENSG00000134202","Transcript","ENST00000361066","protein_coding",NA,NA,NA,NA,NA,NA,NA,NA,NA,NA,"1447","-1",NA,"HGNC","HGNC:4635",NA,NA,NA,NA,NA,NA,NA,NA,NA,NA,NA
"62","1",109742485,109742485,1,"*","A","intron_variant&non_coding_transcript_variant","MODIFIER","GSTM5","ENSG00000134201","Transcript","ENST00000429410","processed_transcript",NA,"1/1",NA,NA,NA,NA,NA,NA,NA,NA,NA,"1",NA,"HGNC","HGNC:4637",NA,NA,NA,NA,NA,NA,NA,NA,NA,NA,NA
"63","1",109742485,109742485,1,"*","A","upstream_gene_variant","MODIFIER","GSTM3","ENSG00000134202","Transcript","ENST00000476321","processed_transcript",NA,NA,NA,NA,NA,NA,NA,NA,NA,NA,"4342","-1",NA,"HGNC","HGNC:4635",NA,NA,NA,NA,NA,NA,NA,NA,NA,NA,NA
"64","1",109742485,109742485,1,"*","A","upstream_gene_variant","MODIFIER","GSTM3","ENSG00000134202","Transcript","ENST00000486823","processed_transcript",NA,NA,NA,NA,NA,NA,NA,NA,NA,NA,"2158","-1",NA,"HGNC","HGNC:4635",NA,NA,NA,NA,NA,NA,NA,NA,NA,NA,NA
"65","1",109742485,109742485,1,"*","A","upstream_gene_variant","MODIFIER","GSTM3","ENSG00000134202","Transcript","ENST00000488824","processed_transcript",NA,NA,NA,NA,NA,NA,NA,NA,NA,NA,"2184","-1",NA,"HGNC","HGNC:4635",NA,NA,NA,NA,NA,NA,NA,NA,NA,NA,NA
"66","1",109742485,109742485,1,"*","A","upstream_gene_variant","MODIFIER","GSTM3","ENSG00000134202","Transcript","ENST00000540225","protein_coding",NA,NA,NA,NA,NA,NA,NA,NA,NA,NA,"2181","-1",NA,"HGNC","HGNC:4635",NA,NA,NA,NA,NA,NA,NA,NA,NA,NA,NA
"67","1",109745618,109745618,1,"*","C","upstream_gene_variant","MODIFIER","GSTM3","ENSG00000134202","Transcript","ENST00000361066","protein_coding",NA,NA,NA,NA,NA,NA,NA,NA,NA,NA,"4580","-1",NA,"HGNC","HGNC:4635",NA,NA,NA,NA,NA,NA,NA,NA,NA,NA,NA
"68","1",109745618,109745618,1,"*","C","intron_variant&non_coding_transcript_variant","MODIFIER","GSTM5","ENSG00000134201","Transcript","ENST00000429410","processed_transcript",NA,"1/1",NA,NA,NA,NA,NA,NA,NA,NA,NA,"1",NA,"HGNC","HGNC:4637",NA,NA,NA,NA,NA,NA,NA,NA,NA,NA,NA
"69","1",150255587,150255587,1,"*","C","upstream_gene_variant","MODIFIER","CA14","ENSG00000118298","Transcript","ENST00000369111","protein_coding",NA,NA,NA,NA,NA,NA,NA,NA,NA,NA,"2187","1",NA,"HGNC","HGNC:1372",NA,NA,NA,NA,NA,NA,NA,NA,NA,NA,NA
"70","1",150255587,150255587,1,"*","C","upstream_gene_variant","MODIFIER","CA14","ENSG00000118298","Transcript","ENST00000483993","nonsense_mediated_decay",NA,NA,NA,NA,NA,NA,NA,NA,NA,NA,"2507","1",NA,"HGNC","HGNC:1372",NA,NA,NA,NA,NA,NA,NA,NA,NA,NA,NA
"71","1",150255587,150255587,1,"*","C","upstream_gene_variant","MODIFIER","CA14","ENSG00000118298","Transcript","ENST00000582010","retained_intron",NA,NA,NA,NA,NA,NA,NA,NA,NA,NA,"2264","1",NA,"HGNC","HGNC:1372",NA,NA,NA,NA,NA,NA,NA,NA,NA,NA,NA
"72","1",150255587,150255587,1,"*","C","upstream_gene_variant","MODIFIER","CA14","ENSG00000118298","Transcript","ENST00000607652","retained_intron",NA,NA,NA,NA,NA,NA,NA,NA,NA,NA,"2288","1",NA,"HGNC","HGNC:1372",NA,NA,NA,NA,NA,NA,NA,NA,NA,NA,NA
"73","1",150255587,150255587,1,"*","C","upstream_gene_variant","MODIFIER","CA14","ENSG00000118298","Transcript","ENST00000647854","protein_coding",NA,NA,NA,NA,NA,NA,NA,NA,NA,NA,"1664","1",NA,"HGNC","HGNC:1372",NA,NA,NA,NA,NA,NA,NA,NA,NA,NA,NA
"74","2",189875421,189875421,1,"*","G","upstream_gene_variant","MODIFIER","C2orf88","ENSG00000187699","Transcript","ENST00000478197","processed_transcript",NA,NA,NA,NA,NA,NA,NA,NA,NA,NA,"4188","1",NA,"HGNC","HGNC:28191",NA,NA,NA,NA,NA,NA,NA,NA,NA,NA,NA
"75","2",189875421,189875421,1,"*","G","upstream_gene_variant","MODIFIER","C2orf88","ENSG00000187699","Transcript","ENST00000495546","processed_transcript",NA,NA,NA,NA,NA,NA,NA,NA,NA,NA,"4206","1",NA,"HGNC","HGNC:28191",NA,NA,NA,NA,NA,NA,NA,NA,NA,NA,NA
"76","2",189907937,189907937,1,"*","G","intron_variant&non_coding_transcript_variant","MODIFIER","C2orf88","ENSG00000187699","Transcript","ENST00000478197","processed_transcript",NA,"1/1",NA,NA,NA,NA,NA,NA,NA,NA,NA,"1",NA,"HGNC","HGNC:28191",NA,NA,NA,NA,NA,NA,NA,NA,NA,NA,NA
"77","2",189907937,189907937,1,"*","G","intron_variant&non_coding_transcript_variant","MODIFIER","C2orf88","ENSG00000187699","Transcript","ENST00000495546","processed_transcript",NA,"1/2",NA,NA,NA,NA,NA,NA,NA,NA,NA,"1",NA,"HGNC","HGNC:28191",NA,NA,NA,NA,NA,NA,NA,NA,NA,NA,NA
"78","2",189932831,189932831,1,"*","C","intron_variant&non_coding_transcript_variant","MODIFIER","C2orf88","ENSG00000187699","Transcript","ENST00000478197","processed_transcript",NA,"1/1",NA,NA,NA,NA,NA,NA,NA,NA,NA,"1",NA,"HGNC","HGNC:28191",NA,NA,NA,NA,NA,NA,NA,NA,NA,NA,NA
"79","2",189932831,189932831,1,"*","C","intron_variant&non_coding_transcript_variant","MODIFIER","C2orf88","ENSG00000187699","Transcript","ENST00000495546","processed_transcript",NA,"1/2",NA,NA,NA,NA,NA,NA,NA,NA,NA,"1",NA,"HGNC","HGNC:28191",NA,NA,NA,NA,NA,NA,NA,NA,NA,NA,NA
"80","2",189974958,189974958,1,"*","T","intron_variant&non_coding_transcript_variant","MODIFIER","C2orf88","ENSG00000187699","Transcript","ENST00000478197","processed_transcript",NA,"1/1",NA,NA,NA,NA,NA,NA,NA,NA,NA,"1",NA,"HGNC","HGNC:28191",NA,NA,NA,NA,NA,NA,NA,NA,NA,NA,NA
"81","2",189974958,189974958,1,"*","T","intron_variant&non_coding_transcript_variant","MODIFIER","C2orf88","ENSG00000187699","Transcript","ENST00000495546","processed_transcript",NA,"1/2",NA,NA,NA,NA,NA,NA,NA,NA,NA,"1",NA,"HGNC","HGNC:28191",NA,NA,NA,NA,NA,NA,NA,NA,NA,NA,NA
"82","2",231042276,231042276,1,"*","G","intron_variant","MODIFIER","C2orf72","ENSG00000204128","Transcript","ENST00000373640","protein_coding",NA,"2/2",NA,NA,NA,NA,NA,NA,NA,NA,NA,"1",NA,"HGNC","HGNC:27418",NA,NA,NA,NA,NA,NA,NA,NA,NA,NA,NA
"83","2",231042276,231042276,1,"*","G","intron_variant&non_coding_transcript_variant","MODIFIER","C2orf72","ENSG00000204128","Transcript","ENST00000463834","retained_intron",NA,"1/1",NA,NA,NA,NA,NA,NA,NA,NA,NA,"1",NA,"HGNC","HGNC:27418",NA,NA,NA,NA,NA,NA,NA,NA,NA,NA,NA
"84","2",231042276,231042276,1,"*","G","intron_variant&non_coding_transcript_variant","MODIFIER","C2orf72","ENSG00000204128","Transcript","ENST00000477463","processed_transcript",NA,"2/2",NA,NA,NA,NA,NA,NA,NA,NA,NA,"1",NA,"HGNC","HGNC:27418",NA,NA,NA,NA,NA,NA,NA,NA,NA,NA,NA
"85","2",231050715,231050715,1,"*","G","downstream_gene_variant","MODIFIER","C2orf72","ENSG00000204128","Transcript","ENST00000373640","protein_coding",NA,NA,NA,NA,NA,NA,NA,NA,NA,NA,"996","1",NA,"HGNC","HGNC:27418",NA,NA,NA,NA,NA,NA,NA,NA,NA,NA,NA
"86","2",231050715,231050715,1,"*","G","downstream_gene_variant","MODIFIER","C2orf72","ENSG00000204128","Transcript","ENST00000463834","retained_intron",NA,NA,NA,NA,NA,NA,NA,NA,NA,NA,"996","1",NA,"HGNC","HGNC:27418",NA,NA,NA,NA,NA,NA,NA,NA,NA,NA,NA
"87","2",231050715,231050715,1,"*","G","downstream_gene_variant","MODIFIER","C2orf72","ENSG00000204128","Transcript","ENST00000477463","processed_transcript",NA,NA,NA,NA,NA,NA,NA,NA,NA,NA,"3469","1",NA,"HGNC","HGNC:27418",NA,NA,NA,NA,NA,NA,NA,NA,NA,NA,NA
"88","3",9787527,9787527,1,"*","T","intron_variant","MODIFIER","OGG1","ENSG00000114026","Transcript","ENST00000426518","protein_coding",NA,"3/3",NA,NA,NA,NA,NA,NA,NA,NA,NA,"1","cds_start_NF","HGNC","HGNC:8125",NA,NA,NA,NA,NA,NA,NA,NA,NA,NA,NA
"89","5",33989518,33989518,1,"*","T","intron_variant","MODIFIER","AMACR","ENSG00000242110","Transcript","ENST00000335606","protein_coding",NA,"4/4",NA,NA,NA,NA,NA,NA,NA,NA,NA,"-1",NA,"HGNC","HGNC:451",NA,NA,NA,NA,NA,NA,NA,NA,NA,NA,NA
"90","5",33989518,33989518,1,"*","T","intron_variant","MODIFIER","AMACR","ENSG00000242110","Transcript","ENST00000382072","protein_coding",NA,"3/3",NA,NA,NA,NA,NA,NA,NA,NA,NA,"-1",NA,"HGNC","HGNC:451",NA,NA,NA,NA,NA,NA,NA,NA,NA,NA,NA
"91","5",33989518,33989518,1,"*","T","intron_variant&NMD_transcript_variant","MODIFIER","C1QTNF3-AMACR","ENSG00000273294","Transcript","ENST00000382079","nonsense_mediated_decay",NA,"8/8",NA,NA,NA,NA,NA,NA,NA,NA,NA,"-1",NA,"HGNC","HGNC:49198",NA,NA,NA,NA,NA,NA,NA,NA,NA,NA,NA
"92","5",33989518,33989518,1,"*","T","intron_variant","MODIFIER","AMACR","ENSG00000242110","Transcript","ENST00000382085","protein_coding",NA,"4/5",NA,NA,NA,NA,NA,NA,NA,NA,NA,"-1",NA,"HGNC","HGNC:451",NA,NA,NA,NA,NA,NA,NA,NA,NA,NA,NA
"93","5",33989518,33989518,1,"*","T","intron_variant","MODIFIER","AMACR","ENSG00000242110","Transcript","ENST00000502637","protein_coding",NA,"4/4",NA,NA,NA,NA,NA,NA,NA,NA,NA,"-1",NA,"HGNC","HGNC:451",NA,NA,NA,NA,NA,NA,NA,NA,NA,NA,NA
"94","5",33989518,33989518,1,"*","T","intron_variant&NMD_transcript_variant","MODIFIER","AMACR","ENSG00000242110","Transcript","ENST00000506639","nonsense_mediated_decay",NA,"4/4",NA,NA,NA,NA,NA,NA,NA,NA,NA,"-1",NA,"HGNC","HGNC:451",NA,NA,NA,NA,NA,NA,NA,NA,NA,NA,NA
"95","5",33989518,33989518,1,"*","T","intron_variant&non_coding_transcript_variant","MODIFIER","AMACR","ENSG00000242110","Transcript","ENST00000514195","processed_transcript",NA,"4/4",NA,NA,NA,NA,NA,NA,NA,NA,NA,"-1",NA,"HGNC","HGNC:451",NA,NA,NA,NA,NA,NA,NA,NA,NA,NA,NA
"96","5",33998883,33998883,1,"*","G","intron_variant","MODIFIER","AMACR","ENSG00000242110","Transcript","ENST00000335606","protein_coding",NA,"3/4",NA,NA,NA,NA,NA,NA,NA,NA,NA,"-1",NA,"HGNC","HGNC:451",NA,NA,NA,NA,NA,NA,NA,NA,NA,NA,NA
"97","5",33998883,33998883,1,"*","G","intron_variant","MODIFIER","AMACR","ENSG00000242110","Transcript","ENST00000382068","protein_coding",NA,"2/3",NA,NA,NA,NA,NA,NA,NA,NA,NA,"-1",NA,"HGNC","HGNC:451",NA,NA,NA,NA,NA,NA,NA,NA,NA,NA,NA
"98","5",33998883,33998883,1,"*","G","intron_variant","MODIFIER","AMACR","ENSG00000242110","Transcript","ENST00000382072","protein_coding",NA,"2/3",NA,NA,NA,NA,NA,NA,NA,NA,NA,"-1",NA,"HGNC","HGNC:451",NA,NA,NA,NA,NA,NA,NA,NA,NA,NA,NA
"99","5",33998883,33998883,1,"*","G","intron_variant&NMD_transcript_variant","MODIFIER","C1QTNF3-AMACR","ENSG00000273294","Transcript","ENST00000382079","nonsense_mediated_decay",NA,"7/8",NA,NA,NA,NA,NA,NA,NA,NA,NA,"-1",NA,"HGNC","HGNC:49198",NA,NA,NA,NA,NA,NA,NA,NA,NA,NA,NA
"100","5",33998883,33998883,1,"*","G","intron_variant","MODIFIER","AMACR","ENSG00000242110","Transcript","ENST00000382085","protein_coding",NA,"3/5",NA,NA,NA,NA,NA,NA,NA,NA,NA,"-1",NA,"HGNC","HGNC:451",NA,NA,NA,NA,NA,NA,NA,NA,NA,NA,NA
"101","5",33998883,33998883,1,"*","G","intron_variant","MODIFIER","AMACR","ENSG00000242110","Transcript","ENST00000426255","protein_coding",NA,"3/4",NA,NA,NA,NA,NA,NA,NA,NA,NA,"-1",NA,"HGNC","HGNC:451",NA,NA,NA,NA,NA,NA,NA,NA,NA,NA,NA
"102","5",33998883,33998883,1,"*","G","intron_variant","MODIFIER","AMACR","ENSG00000242110","Transcript","ENST00000502637","protein_coding",NA,"3/4",NA,NA,NA,NA,NA,NA,NA,NA,NA,"-1",NA,"HGNC","HGNC:451",NA,NA,NA,NA,NA,NA,NA,NA,NA,NA,NA
"103","5",33998883,33998883,1,"*","G","intron_variant&NMD_transcript_variant","MODIFIER","AMACR","ENSG00000242110","Transcript","ENST00000506639","nonsense_mediated_decay",NA,"2/4",NA,NA,NA,NA,NA,NA,NA,NA,NA,"-1",NA,"HGNC","HGNC:451",NA,NA,NA,NA,NA,NA,NA,NA,NA,NA,NA
"104","5",33998883,33998883,1,"*","G","intron_variant","MODIFIER","AMACR","ENSG00000242110","Transcript","ENST00000512079","protein_coding",NA,"3/4",NA,NA,NA,NA,NA,NA,NA,NA,NA,"-1",NA,"HGNC","HGNC:451",NA,NA,NA,NA,NA,NA,NA,NA,NA,NA,NA
"105","5",33998883,33998883,1,"*","G","intron_variant&non_coding_transcript_variant","MODIFIER","AMACR","ENSG00000242110","Transcript","ENST00000514195","processed_transcript",NA,"2/4",NA,NA,NA,NA,NA,NA,NA,NA,NA,"-1",NA,"HGNC","HGNC:451",NA,NA,NA,NA,NA,NA,NA,NA,NA,NA,NA
"106","5",34004707,34004707,1,"*","T","missense_variant","MODERATE","AMACR","ENSG00000242110","Transcript","ENST00000335606","protein_coding","3/5",NA,NA,NA,"450","419","140","G/D","gGt/gAt","COSV59460111",NA,"-1",NA,"HGNC","HGNC:451","tolerated(0.3)","benign(0.007)",NA,"1","1",NA,NA,NA,NA,NA,NA
"107","5",34004707,34004707,1,"*","T","intron_variant","MODIFIER","AMACR","ENSG00000242110","Transcript","ENST00000382068","protein_coding",NA,"2/3",NA,NA,NA,NA,NA,NA,NA,"COSV59460111",NA,"-1",NA,"HGNC","HGNC:451",NA,NA,NA,"1","1",NA,NA,NA,NA,NA,NA
"108","5",34004707,34004707,1,"*","T","intron_variant","MODIFIER","AMACR","ENSG00000242110","Transcript","ENST00000382072","protein_coding",NA,"2/3",NA,NA,NA,NA,NA,NA,NA,"COSV59460111",NA,"-1",NA,"HGNC","HGNC:451",NA,NA,NA,"1","1",NA,NA,NA,NA,NA,NA
"109","5",34004707,34004707,1,"*","T","intron_variant&NMD_transcript_variant","MODIFIER","C1QTNF3-AMACR","ENSG00000273294","Transcript","ENST00000382079","nonsense_mediated_decay",NA,"7/8",NA,NA,NA,NA,NA,NA,NA,"COSV59460111",NA,"-1",NA,"HGNC","HGNC:49198",NA,NA,NA,"1","1",NA,NA,NA,NA,NA,NA
"110","5",34004707,34004707,1,"*","T","missense_variant","MODERATE","AMACR","ENSG00000242110","Transcript","ENST00000382085","protein_coding","3/6",NA,NA,NA,"428","419","140","G/D","gGt/gAt","COSV59460111",NA,"-1",NA,"HGNC","HGNC:451","tolerated(0.29)","benign(0.005)",NA,"1","1",NA,NA,NA,NA,NA,NA
"111","5",34004707,34004707,1,"*","T","missense_variant","MODERATE","AMACR","ENSG00000242110","Transcript","ENST00000426255","protein_coding","3/5",NA,NA,NA,"484","419","140","G/D","gGt/gAt","COSV59460111",NA,"-1",NA,"HGNC","HGNC:451","tolerated(0.17)","benign(0.065)",NA,"1","1",NA,NA,NA,NA,NA,NA
"112","5",34004707,34004707,1,"*","T","missense_variant","MODERATE","AMACR","ENSG00000242110","Transcript","ENST00000502637","protein_coding","3/5",NA,NA,NA,"504","419","140","G/D","gGt/gAt","COSV59460111",NA,"-1",NA,"HGNC","HGNC:451","tolerated(0.3)","benign(0.007)",NA,"1","1",NA,NA,NA,NA,NA,NA
"113","5",34004707,34004707,1,"*","T","intron_variant&NMD_transcript_variant","MODIFIER","AMACR","ENSG00000242110","Transcript","ENST00000506639","nonsense_mediated_decay",NA,"2/4",NA,NA,NA,NA,NA,NA,NA,"COSV59460111",NA,"-1",NA,"HGNC","HGNC:451",NA,NA,NA,"1","1",NA,NA,NA,NA,NA,NA
"114","5",34004707,34004707,1,"*","T","missense_variant","MODERATE","AMACR","ENSG00000242110","Transcript","ENST00000512079","protein_coding","3/5",NA,NA,NA,"428","419","140","G/D","gGt/gAt","COSV59460111",NA,"-1",NA,"HGNC","HGNC:451","tolerated(0.2)","benign(0.072)",NA,"1","1",NA,NA,NA,NA,NA,NA
"115","5",34004707,34004707,1,"*","T","intron_variant&non_coding_transcript_variant","MODIFIER","AMACR","ENSG00000242110","Transcript","ENST00000514195","processed_transcript",NA,"2/4",NA,NA,NA,NA,NA,NA,NA,"COSV59460111",NA,"-1",NA,"HGNC","HGNC:451",NA,NA,NA,"1","1",NA,NA,NA,NA,NA,NA
"116","6",159672419,159672419,1,"*","C","3_prime_UTR_variant","MODIFIER","SOD2","ENSG00000112096","Transcript","ENST00000538183","protein_coding","5/5",NA,NA,NA,"10817",NA,NA,NA,NA,NA,NA,"-1",NA,"HGNC","HGNC:11180",NA,NA,NA,NA,NA,NA,NA,NA,NA,NA,NA
"117","7",99772298,99772298,1,"*","C","intron_variant","MODIFIER","CYP3A4","ENSG00000160868","Transcript","ENST00000336411","protein_coding",NA,"4/13",NA,NA,NA,NA,NA,NA,NA,NA,NA,"-1",NA,"HGNC","HGNC:2637",NA,NA,NA,NA,NA,NA,NA,NA,NA,NA,NA
"118","7",99772298,99772298,1,"*","C","intron_variant","MODIFIER","CYP3A4","ENSG00000160868","Transcript","ENST00000354593","protein_coding",NA,"1/7",NA,NA,NA,NA,NA,NA,NA,NA,NA,"-1",NA,"HGNC","HGNC:2637",NA,NA,NA,NA,NA,NA,NA,NA,NA,NA,NA
"119","7",99772298,99772298,1,"*","C","intron_variant","MODIFIER","CYP3A4","ENSG00000160868","Transcript","ENST00000415003","protein_coding",NA,"4/4",NA,NA,NA,NA,NA,NA,NA,NA,NA,"-1","cds_end_NF","HGNC","HGNC:2637",NA,NA,NA,NA,NA,NA,NA,NA,NA,NA,NA
"120","7",99772298,99772298,1,"*","C","intron_variant&non_coding_transcript_variant","MODIFIER","CYP3A4","ENSG00000160868","Transcript","ENST00000480043","retained_intron",NA,"3/4",NA,NA,NA,NA,NA,NA,NA,NA,NA,"-1",NA,"HGNC","HGNC:2637",NA,NA,NA,NA,NA,NA,NA,NA,NA,NA,NA
"121","7",99772298,99772298,1,"*","C","upstream_gene_variant","MODIFIER","CYP3A4","ENSG00000160868","Transcript","ENST00000651162","processed_transcript",NA,NA,NA,NA,NA,NA,NA,NA,NA,NA,"4476","-1",NA,"HGNC","HGNC:2637",NA,NA,NA,NA,NA,NA,NA,NA,NA,NA,NA
"122","7",99772298,99772298,1,"*","C","intron_variant","MODIFIER","CYP3A4","ENSG00000160868","Transcript","ENST00000651514","protein_coding",NA,"4/12",NA,NA,NA,NA,NA,NA,NA,NA,NA,"-1",NA,"HGNC","HGNC:2637",NA,NA,NA,NA,NA,NA,NA,NA,NA,NA,NA
"123","7",99772298,99772298,1,"*","C","intron_variant","MODIFIER","CYP3A4","ENSG00000160868","Transcript","ENST00000651783","protein_coding",NA,"1/7",NA,NA,NA,NA,NA,NA,NA,NA,NA,"-1",NA,"HGNC","HGNC:2637",NA,NA,NA,NA,NA,NA,NA,NA,NA,NA,NA
"124","7",99772298,99772298,1,"*","C","intron_variant","MODIFIER","CYP3A4","ENSG00000160868","Transcript","ENST00000652018","protein_coding",NA,"2/10",NA,NA,NA,NA,NA,NA,NA,NA,NA,"-1",NA,"HGNC","HGNC:2637",NA,NA,NA,NA,NA,NA,NA,NA,NA,NA,NA
"125","7",143270172,143270172,1,"*","G","downstream_gene_variant","MODIFIER","GSTK1","ENSG00000197448","Transcript","ENST00000358406","protein_coding",NA,NA,NA,NA,NA,NA,NA,NA,NA,NA,"1057","1",NA,"HGNC","HGNC:16906",NA,NA,NA,NA,NA,NA,NA,NA,NA,NA,NA
"126","7",143270172,143270172,1,"*","G","downstream_gene_variant","MODIFIER","GSTK1","ENSG00000197448","Transcript","ENST00000409500","protein_coding",NA,NA,NA,NA,NA,NA,NA,NA,NA,NA,"1177","1",NA,"HGNC","HGNC:16906",NA,NA,NA,NA,NA,NA,NA,NA,NA,NA,NA
"127","7",143270172,143270172,1,"*","G","3_prime_UTR_variant&NMD_transcript_variant","MODIFIER","GSTK1","ENSG00000197448","Transcript","ENST00000442394","nonsense_mediated_decay","8/8",NA,NA,NA,"1637",NA,NA,NA,NA,NA,NA,"1",NA,"HGNC","HGNC:16906",NA,NA,NA,NA,NA,NA,NA,NA,NA,NA,NA
"128","7",143270172,143270172,1,"*","G","downstream_gene_variant","MODIFIER","GSTK1","ENSG00000197448","Transcript","ENST00000443571","protein_coding",NA,NA,NA,NA,NA,NA,NA,NA,NA,NA,"1110","1",NA,"HGNC","HGNC:16906",NA,NA,NA,NA,NA,NA,NA,NA,NA,NA,NA
"129","7",143270172,143270172,1,"*","G","non_coding_transcript_exon_variant","MODIFIER","GSTK1","ENSG00000197448","Transcript","ENST00000473649","retained_intron","8/8",NA,NA,NA,"2010",NA,NA,NA,NA,NA,NA,"1",NA,"HGNC","HGNC:16906",NA,NA,NA,NA,NA,NA,NA,NA,NA,NA,NA
"130","7",143270172,143270172,1,"*","G","downstream_gene_variant","MODIFIER","GSTK1","ENSG00000197448","Transcript","ENST00000479303","protein_coding",NA,NA,NA,NA,NA,NA,NA,NA,NA,NA,"1057","1",NA,"HGNC","HGNC:16906",NA,NA,NA,NA,NA,NA,NA,NA,NA,NA,NA
"131","8",27593650,27593650,1,"*","C","downstream_gene_variant","MODIFIER","CLU","ENSG00000120885","Transcript","ENST00000316403","protein_coding",NA,NA,NA,NA,NA,NA,NA,NA,NA,NA,"3267","-1",NA,"HGNC","HGNC:2095",NA,NA,NA,NA,NA,NA,NA,NA,NA,NA,NA
"132","8",27593650,27593650,1,"*","C","downstream_gene_variant","MODIFIER","CLU","ENSG00000120885","Transcript","ENST00000405140","protein_coding",NA,NA,NA,NA,NA,NA,NA,NA,NA,NA,"4158","-1",NA,"HGNC","HGNC:2095",NA,NA,NA,NA,NA,NA,NA,NA,NA,NA,NA
"133","8",27593650,27593650,1,"*","C","downstream_gene_variant","MODIFIER","CLU","ENSG00000120885","Transcript","ENST00000521770","protein_coding",NA,NA,NA,NA,NA,NA,NA,NA,NA,NA,"4493","-1","cds_start_NF","HGNC","HGNC:2095",NA,NA,NA,NA,NA,NA,NA,NA,NA,NA,NA
"134","8",27593650,27593650,1,"*","C","downstream_gene_variant","MODIFIER","CLU","ENSG00000120885","Transcript","ENST00000522098","protein_coding",NA,NA,NA,NA,NA,NA,NA,NA,NA,NA,"4887","-1","cds_start_NF&cds_end_NF","HGNC","HGNC:2095",NA,NA,NA,NA,NA,NA,NA,NA,NA,NA,NA
"135","8",27593650,27593650,1,"*","C","downstream_gene_variant","MODIFIER","CLU","ENSG00000120885","Transcript","ENST00000522299","retained_intron",NA,NA,NA,NA,NA,NA,NA,NA,NA,NA,"4346","-1",NA,"HGNC","HGNC:2095",NA,NA,NA,NA,NA,NA,NA,NA,NA,NA,NA
"136","8",27593650,27593650,1,"*","C","downstream_gene_variant","MODIFIER","CLU","ENSG00000120885","Transcript","ENST00000523500","protein_coding",NA,NA,NA,NA,NA,NA,NA,NA,NA,NA,"4346","-1",NA,"HGNC","HGNC:2095",NA,NA,NA,NA,NA,NA,NA,NA,NA,NA,NA
"137","10",97023630,97023630,1,"*","C","intron_variant","MODIFIER","SLIT1","ENSG00000187122","Transcript","ENST00000266058","protein_coding",NA,"25/36",NA,NA,NA,NA,NA,NA,NA,NA,NA,"-1",NA,"HGNC","HGNC:11085",NA,NA,NA,NA,NA,NA,NA,NA,NA,NA,NA
"138","10",97023630,97023630,1,"*","C","intron_variant","MODIFIER","SLIT1","ENSG00000187122","Transcript","ENST00000371070","protein_coding",NA,"25/36",NA,NA,NA,NA,NA,NA,NA,NA,NA,"-1",NA,"HGNC","HGNC:11085",NA,NA,NA,NA,NA,NA,NA,NA,NA,NA,NA
"139","10",97137105,97137105,1,"*","G","intron_variant","MODIFIER","SLIT1","ENSG00000187122","Transcript","ENST00000266058","protein_coding",NA,"4/36",NA,NA,NA,NA,NA,NA,NA,NA,NA,"-1",NA,"HGNC","HGNC:11085",NA,NA,NA,NA,NA,NA,NA,NA,NA,NA,NA
"140","10",97137105,97137105,1,"*","G","intron_variant","MODIFIER","SLIT1","ENSG00000187122","Transcript","ENST00000314867","protein_coding",NA,"4/21",NA,NA,NA,NA,NA,NA,NA,NA,NA,"-1","cds_start_NF&cds_end_NF","HGNC","HGNC:11085",NA,NA,NA,NA,NA,NA,NA,NA,NA,NA,NA
"141","10",97137105,97137105,1,"*","G","intron_variant","MODIFIER","SLIT1","ENSG00000187122","Transcript","ENST00000371041","protein_coding",NA,"4/11",NA,NA,NA,NA,NA,NA,NA,NA,NA,"-1",NA,"HGNC","HGNC:11085",NA,NA,NA,NA,NA,NA,NA,NA,NA,NA,NA
"142","10",97137105,97137105,1,"*","G","intron_variant","MODIFIER","SLIT1","ENSG00000187122","Transcript","ENST00000371070","protein_coding",NA,"4/36",NA,NA,NA,NA,NA,NA,NA,NA,NA,"-1",NA,"HGNC","HGNC:11085",NA,NA,NA,NA,NA,NA,NA,NA,NA,NA,NA
"143","10",97141523,97141523,1,"*","A","intron_variant","MODIFIER","SLIT1","ENSG00000187122","Transcript","ENST00000266058","protein_coding",NA,"4/36",NA,NA,NA,NA,NA,NA,NA,NA,NA,"-1",NA,"HGNC","HGNC:11085",NA,NA,NA,NA,NA,NA,NA,NA,NA,NA,NA
"144","10",97141523,97141523,1,"*","A","intron_variant","MODIFIER","SLIT1","ENSG00000187122","Transcript","ENST00000314867","protein_coding",NA,"4/21",NA,NA,NA,NA,NA,NA,NA,NA,NA,"-1","cds_start_NF&cds_end_NF","HGNC","HGNC:11085",NA,NA,NA,NA,NA,NA,NA,NA,NA,NA,NA
"145","10",97141523,97141523,1,"*","A","intron_variant","MODIFIER","SLIT1","ENSG00000187122","Transcript","ENST00000371041","protein_coding",NA,"4/11",NA,NA,NA,NA,NA,NA,NA,NA,NA,"-1",NA,"HGNC","HGNC:11085",NA,NA,NA,NA,NA,NA,NA,NA,NA,NA,NA
"146","10",97141523,97141523,1,"*","A","intron_variant","MODIFIER","SLIT1","ENSG00000187122","Transcript","ENST00000371070","protein_coding",NA,"4/36",NA,NA,NA,NA,NA,NA,NA,NA,NA,"-1",NA,"HGNC","HGNC:11085",NA,NA,NA,NA,NA,NA,NA,NA,NA,NA,NA
"147","10",97174269,97174269,1,"*","T","intron_variant","MODIFIER","SLIT1","ENSG00000187122","Transcript","ENST00000266058","protein_coding",NA,"1/36",NA,NA,NA,NA,NA,NA,NA,NA,NA,"-1",NA,"HGNC","HGNC:11085",NA,NA,NA,NA,NA,NA,NA,NA,NA,NA,NA
"148","10",97174269,97174269,1,"*","T","intron_variant","MODIFIER","SLIT1","ENSG00000187122","Transcript","ENST00000314867","protein_coding",NA,"1/21",NA,NA,NA,NA,NA,NA,NA,NA,NA,"-1","cds_start_NF&cds_end_NF","HGNC","HGNC:11085",NA,NA,NA,NA,NA,NA,NA,NA,NA,NA,NA
"149","10",97174269,97174269,1,"*","T","intron_variant","MODIFIER","SLIT1","ENSG00000187122","Transcript","ENST00000371041","protein_coding",NA,"1/11",NA,NA,NA,NA,NA,NA,NA,NA,NA,"-1",NA,"HGNC","HGNC:11085",NA,NA,NA,NA,NA,NA,NA,NA,NA,NA,NA
"150","10",97174269,97174269,1,"*","T","intron_variant","MODIFIER","SLIT1","ENSG00000187122","Transcript","ENST00000371070","protein_coding",NA,"1/36",NA,NA,NA,NA,NA,NA,NA,NA,NA,"-1",NA,"HGNC","HGNC:11085",NA,NA,NA,NA,NA,NA,NA,NA,NA,NA,NA
"151","10",97174269,97174269,1,"*","T","intron_variant&non_coding_transcript_variant","MODIFIER","SLIT1","ENSG00000187122","Transcript","ENST00000456008","processed_transcript",NA,"1/4",NA,NA,NA,NA,NA,NA,NA,NA,NA,"-1",NA,"HGNC","HGNC:11085",NA,NA,NA,NA,NA,NA,NA,NA,NA,NA,NA
"152","10",104230437,104230437,1,"*","G","upstream_gene_variant","MODIFIER","GSTO1","ENSG00000148834","Transcript","ENST00000470554","processed_transcript",NA,NA,NA,NA,NA,NA,NA,NA,NA,NA,"4919","1",NA,"HGNC","HGNC:13312",NA,NA,NA,NA,NA,NA,NA,NA,NA,NA,NA
"153","10",114200355,114200355,1,"*","A","intron_variant","MODIFIER","TDRD1","ENSG00000095627","Transcript","ENST00000251864","protein_coding",NA,"4/25",NA,NA,NA,NA,NA,NA,NA,NA,NA,"1",NA,"HGNC","HGNC:11712",NA,NA,NA,NA,NA,NA,NA,NA,NA,NA,NA
"154","10",114200355,114200355,1,"*","A","intron_variant","MODIFIER","TDRD1","ENSG00000095627","Transcript","ENST00000369280","protein_coding",NA,"4/23",NA,NA,NA,NA,NA,NA,NA,NA,NA,"1",NA,"HGNC","HGNC:11712",NA,NA,NA,NA,NA,NA,NA,NA,NA,NA,NA
"155","10",114200355,114200355,1,"*","A","intron_variant","MODIFIER","TDRD1","ENSG00000095627","Transcript","ENST00000369282","protein_coding",NA,"4/24",NA,NA,NA,NA,NA,NA,NA,NA,NA,"1",NA,"HGNC","HGNC:11712",NA,NA,NA,NA,NA,NA,NA,NA,NA,NA,NA
"156","11",62416859,62416859,1,"*","A","upstream_gene_variant","MODIFIER","SCGB1A1","ENSG00000149021","Transcript","ENST00000278282","protein_coding",NA,NA,NA,NA,NA,NA,NA,NA,NA,NA,"2174","1",NA,"HGNC","HGNC:12523",NA,NA,NA,NA,NA,NA,NA,NA,NA,NA,NA
"157","11",62416859,62416859,1,"*","A","intron_variant","MODIFIER","SCGB1A1","ENSG00000149021","Transcript","ENST00000534397","protein_coding",NA,"2/3",NA,NA,NA,NA,NA,NA,NA,NA,NA,"1",NA,"HGNC","HGNC:12523",NA,NA,NA,NA,NA,NA,NA,NA,NA,NA,NA
"158","13",25419176,25419176,1,"*","G","intron_variant&NMD_transcript_variant","MODIFIER","ATP8A2","ENSG00000132932","Transcript","ENST00000281620","nonsense_mediated_decay",NA,"1/37",NA,NA,NA,NA,NA,NA,NA,NA,NA,"1",NA,"HGNC","HGNC:13533",NA,NA,NA,NA,NA,NA,NA,NA,NA,NA,NA
"159","13",25419176,25419176,1,"*","G","intron_variant","MODIFIER","ATP8A2","ENSG00000132932","Transcript","ENST00000381655","protein_coding",NA,"1/36",NA,NA,NA,NA,NA,NA,NA,NA,NA,"1",NA,"HGNC","HGNC:13533",NA,NA,NA,NA,NA,NA,NA,NA,NA,NA,NA
"160","13",25419176,25419176,1,"*","G","intron_variant","MODIFIER","ATP8A2","ENSG00000132932","Transcript","ENST00000682472","protein_coding",NA,"1/35",NA,NA,NA,NA,NA,NA,NA,NA,NA,"1",NA,"HGNC","HGNC:13533",NA,NA,NA,NA,NA,NA,NA,NA,NA,NA,NA
"161","13",25419176,25419176,1,"*","G","intron_variant&NMD_transcript_variant","MODIFIER","ATP8A2","ENSG00000132932","Transcript","ENST00000682943","nonsense_mediated_decay",NA,"1/31",NA,NA,NA,NA,NA,NA,NA,NA,NA,"1",NA,"HGNC","HGNC:13533",NA,NA,NA,NA,NA,NA,NA,NA,NA,NA,NA
"162","13",25419176,25419176,1,"*","G","intron_variant&NMD_transcript_variant","MODIFIER","ATP8A2","ENSG00000132932","Transcript","ENST00000683303","nonsense_mediated_decay",NA,"1/32",NA,NA,NA,NA,NA,NA,NA,NA,NA,"1",NA,"HGNC","HGNC:13533",NA,NA,NA,NA,NA,NA,NA,NA,NA,NA,NA
"163","13",25419176,25419176,1,"*","G","intron_variant&NMD_transcript_variant","MODIFIER","ATP8A2","ENSG00000132932","Transcript","ENST00000683960","nonsense_mediated_decay",NA,"1/37",NA,NA,NA,NA,NA,NA,NA,NA,NA,"1",NA,"HGNC","HGNC:13533",NA,NA,NA,NA,NA,NA,NA,NA,NA,NA,NA
"164","13",25419176,25419176,1,"*","G","intron_variant&NMD_transcript_variant","MODIFIER","ATP8A2","ENSG00000132932","Transcript","ENST00000684283","nonsense_mediated_decay",NA,"1/31",NA,NA,NA,NA,NA,NA,NA,NA,NA,"1",NA,"HGNC","HGNC:13533",NA,NA,NA,NA,NA,NA,NA,NA,NA,NA,NA
"165","13",25440318,25440318,1,"*","A","intron_variant&NMD_transcript_variant","MODIFIER","ATP8A2","ENSG00000132932","Transcript","ENST00000281620","nonsense_mediated_decay",NA,"1/37",NA,NA,NA,NA,NA,NA,NA,NA,NA,"1",NA,"HGNC","HGNC:13533",NA,NA,NA,NA,NA,NA,NA,NA,NA,NA,NA
"166","13",25440318,25440318,1,"*","A","intron_variant","MODIFIER","ATP8A2","ENSG00000132932","Transcript","ENST00000381655","protein_coding",NA,"1/36",NA,NA,NA,NA,NA,NA,NA,NA,NA,"1",NA,"HGNC","HGNC:13533",NA,NA,NA,NA,NA,NA,NA,NA,NA,NA,NA
"167","13",25440318,25440318,1,"*","A","intron_variant","MODIFIER","ATP8A2","ENSG00000132932","Transcript","ENST00000682472","protein_coding",NA,"1/35",NA,NA,NA,NA,NA,NA,NA,NA,NA,"1",NA,"HGNC","HGNC:13533",NA,NA,NA,NA,NA,NA,NA,NA,NA,NA,NA
"168","13",25440318,25440318,1,"*","A","intron_variant&NMD_transcript_variant","MODIFIER","ATP8A2","ENSG00000132932","Transcript","ENST00000682943","nonsense_mediated_decay",NA,"1/31",NA,NA,NA,NA,NA,NA,NA,NA,NA,"1",NA,"HGNC","HGNC:13533",NA,NA,NA,NA,NA,NA,NA,NA,NA,NA,NA
"169","13",25440318,25440318,1,"*","A","intron_variant&NMD_transcript_variant","MODIFIER","ATP8A2","ENSG00000132932","Transcript","ENST00000683303","nonsense_mediated_decay",NA,"1/32",NA,NA,NA,NA,NA,NA,NA,NA,NA,"1",NA,"HGNC","HGNC:13533",NA,NA,NA,NA,NA,NA,NA,NA,NA,NA,NA
"170","13",25440318,25440318,1,"*","A","intron_variant&NMD_transcript_variant","MODIFIER","ATP8A2","ENSG00000132932","Transcript","ENST00000683960","nonsense_mediated_decay",NA,"1/37",NA,NA,NA,NA,NA,NA,NA,NA,NA,"1",NA,"HGNC","HGNC:13533",NA,NA,NA,NA,NA,NA,NA,NA,NA,NA,NA
"171","13",25440318,25440318,1,"*","A","intron_variant&NMD_transcript_variant","MODIFIER","ATP8A2","ENSG00000132932","Transcript","ENST00000684283","nonsense_mediated_decay",NA,"1/31",NA,NA,NA,NA,NA,NA,NA,NA,NA,"1",NA,"HGNC","HGNC:13533",NA,NA,NA,NA,NA,NA,NA,NA,NA,NA,NA
"172","13",25479541,25479541,1,"*","C","intron_variant&NMD_transcript_variant","MODIFIER","ATP8A2","ENSG00000132932","Transcript","ENST00000281620","nonsense_mediated_decay",NA,"2/37",NA,NA,NA,NA,NA,NA,NA,NA,NA,"1",NA,"HGNC","HGNC:13533",NA,NA,NA,NA,NA,NA,NA,NA,NA,NA,NA
"173","13",25479541,25479541,1,"*","C","intron_variant&non_coding_transcript_variant","MODIFIER","ATP8A2","ENSG00000132932","Transcript","ENST00000381648","processed_transcript",NA,"1/5",NA,NA,NA,NA,NA,NA,NA,NA,NA,"1",NA,"HGNC","HGNC:13533",NA,NA,NA,NA,NA,NA,NA,NA,NA,NA,NA
"174","13",25479541,25479541,1,"*","C","intron_variant","MODIFIER","ATP8A2","ENSG00000132932","Transcript","ENST00000381655","protein_coding",NA,"2/36",NA,NA,NA,NA,NA,NA,NA,NA,NA,"1",NA,"HGNC","HGNC:13533",NA,NA,NA,NA,NA,NA,NA,NA,NA,NA,NA
"175","13",25479541,25479541,1,"*","C","intron_variant","MODIFIER","ATP8A2","ENSG00000132932","Transcript","ENST00000682472","protein_coding",NA,"2/35",NA,NA,NA,NA,NA,NA,NA,NA,NA,"1",NA,"HGNC","HGNC:13533",NA,NA,NA,NA,NA,NA,NA,NA,NA,NA,NA
"176","13",25479541,25479541,1,"*","C","intron_variant&non_coding_transcript_variant","MODIFIER","ATP8A2","ENSG00000132932","Transcript","ENST00000682580","processed_transcript",NA,"2/10",NA,NA,NA,NA,NA,NA,NA,NA,NA,"1",NA,"HGNC","HGNC:13533",NA,NA,NA,NA,NA,NA,NA,NA,NA,NA,NA
"177","13",25479541,25479541,1,"*","C","intron_variant&NMD_transcript_variant","MODIFIER","ATP8A2","ENSG00000132932","Transcript","ENST00000682943","nonsense_mediated_decay",NA,"2/31",NA,NA,NA,NA,NA,NA,NA,NA,NA,"1",NA,"HGNC","HGNC:13533",NA,NA,NA,NA,NA,NA,NA,NA,NA,NA,NA
"178","13",25479541,25479541,1,"*","C","intron_variant&NMD_transcript_variant","MODIFIER","ATP8A2","ENSG00000132932","Transcript","ENST00000683303","nonsense_mediated_decay",NA,"2/32",NA,NA,NA,NA,NA,NA,NA,NA,NA,"1",NA,"HGNC","HGNC:13533",NA,NA,NA,NA,NA,NA,NA,NA,NA,NA,NA
"179","13",25479541,25479541,1,"*","C","intron_variant&NMD_transcript_variant","MODIFIER","ATP8A2","ENSG00000132932","Transcript","ENST00000683960","nonsense_mediated_decay",NA,"2/37",NA,NA,NA,NA,NA,NA,NA,NA,NA,"1",NA,"HGNC","HGNC:13533",NA,NA,NA,NA,NA,NA,NA,NA,NA,NA,NA
"180","13",25479541,25479541,1,"*","C","intron_variant&non_coding_transcript_variant","MODIFIER","ATP8A2","ENSG00000132932","Transcript","ENST00000684025","retained_intron",NA,"1/24",NA,NA,NA,NA,NA,NA,NA,NA,NA,"1",NA,"HGNC","HGNC:13533",NA,NA,NA,NA,NA,NA,NA,NA,NA,NA,NA
"181","13",25479541,25479541,1,"*","C","intron_variant&NMD_transcript_variant","MODIFIER","ATP8A2","ENSG00000132932","Transcript","ENST00000684283","nonsense_mediated_decay",NA,"2/31",NA,NA,NA,NA,NA,NA,NA,NA,NA,"1",NA,"HGNC","HGNC:13533",NA,NA,NA,NA,NA,NA,NA,NA,NA,NA,NA
"182","13",25479541,25479541,1,"*","C","intron_variant","MODIFIER","ATP8A2","ENSG00000132932","Transcript","ENST00000684424","protein_coding",NA,"1/35",NA,NA,NA,NA,NA,NA,NA,NA,NA,"1",NA,"HGNC","HGNC:13533",NA,NA,NA,NA,NA,NA,NA,NA,NA,NA,NA
"183","13",25486911,25486911,1,"*","T","intron_variant&NMD_transcript_variant","MODIFIER","ATP8A2","ENSG00000132932","Transcript","ENST00000281620","nonsense_mediated_decay",NA,"2/37",NA,NA,NA,NA,NA,NA,NA,NA,NA,"1",NA,"HGNC","HGNC:13533",NA,NA,NA,NA,NA,NA,NA,NA,NA,NA,NA
"184","13",25486911,25486911,1,"*","T","intron_variant&non_coding_transcript_variant","MODIFIER","ATP8A2","ENSG00000132932","Transcript","ENST00000381648","processed_transcript",NA,"1/5",NA,NA,NA,NA,NA,NA,NA,NA,NA,"1",NA,"HGNC","HGNC:13533",NA,NA,NA,NA,NA,NA,NA,NA,NA,NA,NA
"185","13",25486911,25486911,1,"*","T","intron_variant","MODIFIER","ATP8A2","ENSG00000132932","Transcript","ENST00000381655","protein_coding",NA,"2/36",NA,NA,NA,NA,NA,NA,NA,NA,NA,"1",NA,"HGNC","HGNC:13533",NA,NA,NA,NA,NA,NA,NA,NA,NA,NA,NA
"186","13",25486911,25486911,1,"*","T","intron_variant","MODIFIER","ATP8A2","ENSG00000132932","Transcript","ENST00000682472","protein_coding",NA,"2/35",NA,NA,NA,NA,NA,NA,NA,NA,NA,"1",NA,"HGNC","HGNC:13533",NA,NA,NA,NA,NA,NA,NA,NA,NA,NA,NA
"187","13",25486911,25486911,1,"*","T","intron_variant&non_coding_transcript_variant","MODIFIER","ATP8A2","ENSG00000132932","Transcript","ENST00000682580","processed_transcript",NA,"2/10",NA,NA,NA,NA,NA,NA,NA,NA,NA,"1",NA,"HGNC","HGNC:13533",NA,NA,NA,NA,NA,NA,NA,NA,NA,NA,NA
"188","13",25486911,25486911,1,"*","T","intron_variant&NMD_transcript_variant","MODIFIER","ATP8A2","ENSG00000132932","Transcript","ENST00000682943","nonsense_mediated_decay",NA,"2/31",NA,NA,NA,NA,NA,NA,NA,NA,NA,"1",NA,"HGNC","HGNC:13533",NA,NA,NA,NA,NA,NA,NA,NA,NA,NA,NA
"189","13",25486911,25486911,1,"*","T","intron_variant&NMD_transcript_variant","MODIFIER","ATP8A2","ENSG00000132932","Transcript","ENST00000683303","nonsense_mediated_decay",NA,"2/32",NA,NA,NA,NA,NA,NA,NA,NA,NA,"1",NA,"HGNC","HGNC:13533",NA,NA,NA,NA,NA,NA,NA,NA,NA,NA,NA
"190","13",25486911,25486911,1,"*","T","upstream_gene_variant","MODIFIER","ATP8A2","ENSG00000132932","Transcript","ENST00000683945","processed_transcript",NA,NA,NA,NA,NA,NA,NA,NA,NA,NA,"2616","1",NA,"HGNC","HGNC:13533",NA,NA,NA,NA,NA,NA,NA,NA,NA,NA,NA
"191","13",25486911,25486911,1,"*","T","intron_variant&NMD_transcript_variant","MODIFIER","ATP8A2","ENSG00000132932","Transcript","ENST00000683960","nonsense_mediated_decay",NA,"2/37",NA,NA,NA,NA,NA,NA,NA,NA,NA,"1",NA,"HGNC","HGNC:13533",NA,NA,NA,NA,NA,NA,NA,NA,NA,NA,NA
"192","13",25486911,25486911,1,"*","T","intron_variant&non_coding_transcript_variant","MODIFIER","ATP8A2","ENSG00000132932","Transcript","ENST00000684025","retained_intron",NA,"1/24",NA,NA,NA,NA,NA,NA,NA,NA,NA,"1",NA,"HGNC","HGNC:13533",NA,NA,NA,NA,NA,NA,NA,NA,NA,NA,NA
"193","13",25486911,25486911,1,"*","T","intron_variant&NMD_transcript_variant","MODIFIER","ATP8A2","ENSG00000132932","Transcript","ENST00000684283","nonsense_mediated_decay",NA,"2/31",NA,NA,NA,NA,NA,NA,NA,NA,NA,"1",NA,"HGNC","HGNC:13533",NA,NA,NA,NA,NA,NA,NA,NA,NA,NA,NA
"194","13",25486911,25486911,1,"*","T","intron_variant","MODIFIER","ATP8A2","ENSG00000132932","Transcript","ENST00000684424","protein_coding",NA,"1/35",NA,NA,NA,NA,NA,NA,NA,NA,NA,"1",NA,"HGNC","HGNC:13533",NA,NA,NA,NA,NA,NA,NA,NA,NA,NA,NA
"195","13",25825889,25825889,1,"*","C","intron_variant&NMD_transcript_variant","MODIFIER","ATP8A2","ENSG00000132932","Transcript","ENST00000281620","nonsense_mediated_decay",NA,"28/37",NA,NA,NA,NA,NA,NA,NA,NA,NA,"1",NA,"HGNC","HGNC:13533",NA,NA,NA,NA,NA,NA,NA,NA,NA,NA,NA
"196","13",25825889,25825889,1,"*","C","intron_variant","MODIFIER","ATP8A2","ENSG00000132932","Transcript","ENST00000381655","protein_coding",NA,"27/36",NA,NA,NA,NA,NA,NA,NA,NA,NA,"1",NA,"HGNC","HGNC:13533",NA,NA,NA,NA,NA,NA,NA,NA,NA,NA,NA
"197","13",25825889,25825889,1,"*","C","intron_variant&non_coding_transcript_variant","MODIFIER","ATP8A2","ENSG00000132932","Transcript","ENST00000491840","processed_transcript",NA,"13/19",NA,NA,NA,NA,NA,NA,NA,NA,NA,"1",NA,"HGNC","HGNC:13533",NA,NA,NA,NA,NA,NA,NA,NA,NA,NA,NA
"198","13",25825889,25825889,1,"*","C","intron_variant","MODIFIER","ATP8A2","ENSG00000132932","Transcript","ENST00000682472","protein_coding",NA,"27/35",NA,NA,NA,NA,NA,NA,NA,NA,NA,"1",NA,"HGNC","HGNC:13533",NA,NA,NA,NA,NA,NA,NA,NA,NA,NA,NA
"199","13",25825889,25825889,1,"*","C","intron_variant&non_coding_transcript_variant","MODIFIER","ATP8A2","ENSG00000132932","Transcript","ENST00000682942","processed_transcript",NA,"26/35",NA,NA,NA,NA,NA,NA,NA,NA,NA,"1",NA,"HGNC","HGNC:13533",NA,NA,NA,NA,NA,NA,NA,NA,NA,NA,NA
"200","13",25825889,25825889,1,"*","C","intron_variant&NMD_transcript_variant","MODIFIER","ATP8A2","ENSG00000132932","Transcript","ENST00000682943","nonsense_mediated_decay",NA,"25/31",NA,NA,NA,NA,NA,NA,NA,NA,NA,"1",NA,"HGNC","HGNC:13533",NA,NA,NA,NA,NA,NA,NA,NA,NA,NA,NA
"201","13",25825889,25825889,1,"*","C","intron_variant&NMD_transcript_variant","MODIFIER","ATP8A2","ENSG00000132932","Transcript","ENST00000683303","nonsense_mediated_decay",NA,"27/32",NA,NA,NA,NA,NA,NA,NA,NA,NA,"1",NA,"HGNC","HGNC:13533",NA,NA,NA,NA,NA,NA,NA,NA,NA,NA,NA
"202","13",25825889,25825889,1,"*","C","upstream_gene_variant","MODIFIER","ATP8A2","ENSG00000132932","Transcript","ENST00000683461","retained_intron",NA,NA,NA,NA,NA,NA,NA,NA,NA,NA,"2047","1",NA,"HGNC","HGNC:13533",NA,NA,NA,NA,NA,NA,NA,NA,NA,NA,NA
"203","13",25825889,25825889,1,"*","C","intron_variant&non_coding_transcript_variant","MODIFIER","ATP8A2","ENSG00000132932","Transcript","ENST00000683845","retained_intron",NA,"26/32",NA,NA,NA,NA,NA,NA,NA,NA,NA,"1",NA,"HGNC","HGNC:13533",NA,NA,NA,NA,NA,NA,NA,NA,NA,NA,NA
"204","13",25825889,25825889,1,"*","C","intron_variant&non_coding_transcript_variant","MODIFIER","ATP8A2","ENSG00000132932","Transcript","ENST00000683945","processed_transcript",NA,"26/35",NA,NA,NA,NA,NA,NA,NA,NA,NA,"1",NA,"HGNC","HGNC:13533",NA,NA,NA,NA,NA,NA,NA,NA,NA,NA,NA
"205","13",25825889,25825889,1,"*","C","intron_variant&NMD_transcript_variant","MODIFIER","ATP8A2","ENSG00000132932","Transcript","ENST00000683960","nonsense_mediated_decay",NA,"27/37",NA,NA,NA,NA,NA,NA,NA,NA,NA,"1",NA,"HGNC","HGNC:13533",NA,NA,NA,NA,NA,NA,NA,NA,NA,NA,NA
"206","13",25825889,25825889,1,"*","C","intron_variant&NMD_transcript_variant","MODIFIER","ATP8A2","ENSG00000132932","Transcript","ENST00000684283","nonsense_mediated_decay",NA,"27/31",NA,NA,NA,NA,NA,NA,NA,NA,NA,"1",NA,"HGNC","HGNC:13533",NA,NA,NA,NA,NA,NA,NA,NA,NA,NA,NA
"207","13",25825889,25825889,1,"*","C","intron_variant","MODIFIER","ATP8A2","ENSG00000132932","Transcript","ENST00000684424","protein_coding",NA,"26/35",NA,NA,NA,NA,NA,NA,NA,NA,NA,"1",NA,"HGNC","HGNC:13533",NA,NA,NA,NA,NA,NA,NA,NA,NA,NA,NA
"208","13",25831888,25831888,1,"*","C","intron_variant&NMD_transcript_variant","MODIFIER","ATP8A2","ENSG00000132932","Transcript","ENST00000281620","nonsense_mediated_decay",NA,"29/37",NA,NA,NA,NA,NA,NA,NA,NA,NA,"1",NA,"HGNC","HGNC:13533",NA,NA,NA,NA,NA,NA,NA,NA,NA,NA,NA
"209","13",25831888,25831888,1,"*","C","intron_variant","MODIFIER","ATP8A2","ENSG00000132932","Transcript","ENST00000381655","protein_coding",NA,"28/36",NA,NA,NA,NA,NA,NA,NA,NA,NA,"1",NA,"HGNC","HGNC:13533",NA,NA,NA,NA,NA,NA,NA,NA,NA,NA,NA
"210","13",25831888,25831888,1,"*","C","intron_variant&non_coding_transcript_variant","MODIFIER","ATP8A2","ENSG00000132932","Transcript","ENST00000491840","processed_transcript",NA,"14/19",NA,NA,NA,NA,NA,NA,NA,NA,NA,"1",NA,"HGNC","HGNC:13533",NA,NA,NA,NA,NA,NA,NA,NA,NA,NA,NA
"211","13",25831888,25831888,1,"*","C","intron_variant","MODIFIER","ATP8A2","ENSG00000132932","Transcript","ENST00000682472","protein_coding",NA,"27/35",NA,NA,NA,NA,NA,NA,NA,NA,NA,"1",NA,"HGNC","HGNC:13533",NA,NA,NA,NA,NA,NA,NA,NA,NA,NA,NA
"212","13",25831888,25831888,1,"*","C","intron_variant&non_coding_transcript_variant","MODIFIER","ATP8A2","ENSG00000132932","Transcript","ENST00000682942","processed_transcript",NA,"27/35",NA,NA,NA,NA,NA,NA,NA,NA,NA,"1",NA,"HGNC","HGNC:13533",NA,NA,NA,NA,NA,NA,NA,NA,NA,NA,NA
"213","13",25831888,25831888,1,"*","C","intron_variant&NMD_transcript_variant","MODIFIER","ATP8A2","ENSG00000132932","Transcript","ENST00000682943","nonsense_mediated_decay",NA,"26/31",NA,NA,NA,NA,NA,NA,NA,NA,NA,"1",NA,"HGNC","HGNC:13533",NA,NA,NA,NA,NA,NA,NA,NA,NA,NA,NA
"214","13",25831888,25831888,1,"*","C","intron_variant&NMD_transcript_variant","MODIFIER","ATP8A2","ENSG00000132932","Transcript","ENST00000683303","nonsense_mediated_decay",NA,"28/32",NA,NA,NA,NA,NA,NA,NA,NA,NA,"1",NA,"HGNC","HGNC:13533",NA,NA,NA,NA,NA,NA,NA,NA,NA,NA,NA
"215","13",25831888,25831888,1,"*","C","intron_variant&non_coding_transcript_variant","MODIFIER","ATP8A2","ENSG00000132932","Transcript","ENST00000683461","retained_intron",NA,"1/2",NA,NA,NA,NA,NA,NA,NA,NA,NA,"1",NA,"HGNC","HGNC:13533",NA,NA,NA,NA,NA,NA,NA,NA,NA,NA,NA
"216","13",25831888,25831888,1,"*","C","intron_variant&non_coding_transcript_variant","MODIFIER","ATP8A2","ENSG00000132932","Transcript","ENST00000683845","retained_intron",NA,"27/32",NA,NA,NA,NA,NA,NA,NA,NA,NA,"1",NA,"HGNC","HGNC:13533",NA,NA,NA,NA,NA,NA,NA,NA,NA,NA,NA
"217","13",25831888,25831888,1,"*","C","intron_variant&non_coding_transcript_variant","MODIFIER","ATP8A2","ENSG00000132932","Transcript","ENST00000683945","processed_transcript",NA,"27/35",NA,NA,NA,NA,NA,NA,NA,NA,NA,"1",NA,"HGNC","HGNC:13533",NA,NA,NA,NA,NA,NA,NA,NA,NA,NA,NA
"218","13",25831888,25831888,1,"*","C","intron_variant&NMD_transcript_variant","MODIFIER","ATP8A2","ENSG00000132932","Transcript","ENST00000683960","nonsense_mediated_decay",NA,"28/37",NA,NA,NA,NA,NA,NA,NA,NA,NA,"1",NA,"HGNC","HGNC:13533",NA,NA,NA,NA,NA,NA,NA,NA,NA,NA,NA
"219","13",25831888,25831888,1,"*","C","intron_variant&NMD_transcript_variant","MODIFIER","ATP8A2","ENSG00000132932","Transcript","ENST00000684283","nonsense_mediated_decay",NA,"28/31",NA,NA,NA,NA,NA,NA,NA,NA,NA,"1",NA,"HGNC","HGNC:13533",NA,NA,NA,NA,NA,NA,NA,NA,NA,NA,NA
"220","13",25831888,25831888,1,"*","C","intron_variant","MODIFIER","ATP8A2","ENSG00000132932","Transcript","ENST00000684424","protein_coding",NA,"27/35",NA,NA,NA,NA,NA,NA,NA,NA,NA,"1",NA,"HGNC","HGNC:13533",NA,NA,NA,NA,NA,NA,NA,NA,NA,NA,NA
"221","14",64935411,64935411,1,"*","T","downstream_gene_variant","MODIFIER","GPX2","ENSG00000176153","Transcript","ENST00000389614","protein_coding",NA,NA,NA,NA,NA,NA,NA,NA,NA,NA,"3747","-1",NA,"HGNC","HGNC:4554",NA,NA,NA,NA,NA,NA,NA,NA,NA,NA,NA
"222","14",64935411,64935411,1,"*","T","downstream_gene_variant","MODIFIER","GPX2","ENSG00000176153","Transcript","ENST00000553522","nonsense_mediated_decay",NA,NA,NA,NA,NA,NA,NA,NA,NA,NA,"3741","-1",NA,"HGNC","HGNC:4554",NA,NA,NA,NA,NA,NA,NA,NA,NA,NA,NA
"223","14",64935411,64935411,1,"*","T","downstream_gene_variant","MODIFIER","GPX2","ENSG00000176153","Transcript","ENST00000557049","protein_coding",NA,NA,NA,NA,NA,NA,NA,NA,NA,NA,"4006","-1","cds_start_NF","HGNC","HGNC:4554",NA,NA,NA,NA,NA,NA,NA,NA,NA,NA,NA
"224","14",64935411,64935411,1,"*","T","downstream_gene_variant","MODIFIER","GPX2","ENSG00000176153","Transcript","ENST00000557323","nonsense_mediated_decay",NA,NA,NA,NA,NA,NA,NA,NA,NA,NA,"4097","-1",NA,"HGNC","HGNC:4554",NA,NA,NA,NA,NA,NA,NA,NA,NA,NA,NA
"225","14",64935411,64935411,1,"*","T","downstream_gene_variant","MODIFIER","GPX2","ENSG00000176153","Transcript","ENST00000612794","protein_coding",NA,NA,NA,NA,NA,NA,NA,NA,NA,NA,"3742","-1",NA,"HGNC","HGNC:4554",NA,NA,NA,NA,NA,NA,NA,NA,NA,NA,NA
"226","14",64935720,64935720,1,"*","T","downstream_gene_variant","MODIFIER","GPX2","ENSG00000176153","Transcript","ENST00000389614","protein_coding",NA,NA,NA,NA,NA,NA,NA,NA,NA,"rs1253021304","3438","-1",NA,"HGNC","HGNC:4554",NA,NA,NA,NA,NA,NA,NA,NA,NA,NA,NA
"227","14",64935720,64935720,1,"*","T","downstream_gene_variant","MODIFIER","GPX2","ENSG00000176153","Transcript","ENST00000553522","nonsense_mediated_decay",NA,NA,NA,NA,NA,NA,NA,NA,NA,"rs1253021304","3432","-1",NA,"HGNC","HGNC:4554",NA,NA,NA,NA,NA,NA,NA,NA,NA,NA,NA
"228","14",64935720,64935720,1,"*","T","downstream_gene_variant","MODIFIER","GPX2","ENSG00000176153","Transcript","ENST00000557049","protein_coding",NA,NA,NA,NA,NA,NA,NA,NA,NA,"rs1253021304","3697","-1","cds_start_NF","HGNC","HGNC:4554",NA,NA,NA,NA,NA,NA,NA,NA,NA,NA,NA
"229","14",64935720,64935720,1,"*","T","downstream_gene_variant","MODIFIER","GPX2","ENSG00000176153","Transcript","ENST00000557323","nonsense_mediated_decay",NA,NA,NA,NA,NA,NA,NA,NA,NA,"rs1253021304","3788","-1",NA,"HGNC","HGNC:4554",NA,NA,NA,NA,NA,NA,NA,NA,NA,NA,NA
"230","14",64935720,64935720,1,"*","T","downstream_gene_variant","MODIFIER","GPX2","ENSG00000176153","Transcript","ENST00000612794","protein_coding",NA,NA,NA,NA,NA,NA,NA,NA,NA,"rs1253021304","3433","-1",NA,"HGNC","HGNC:4554",NA,NA,NA,NA,NA,NA,NA,NA,NA,NA,NA
"231","16",20634775,20634775,1,"*","C","intron_variant","MODIFIER","ACSM1","ENSG00000166743","Transcript","ENST00000307493","protein_coding",NA,"9/12",NA,NA,NA,NA,NA,NA,NA,NA,NA,"-1",NA,"HGNC","HGNC:18049",NA,NA,NA,NA,NA,NA,NA,NA,NA,NA,NA
"232","16",20634775,20634775,1,"*","C","intron_variant&non_coding_transcript_variant","MODIFIER","ACSM1","ENSG00000166743","Transcript","ENST00000519031","retained_intron",NA,"6/9",NA,NA,NA,NA,NA,NA,NA,NA,NA,"-1",NA,"HGNC","HGNC:18049",NA,NA,NA,NA,NA,NA,NA,NA,NA,NA,NA
"233","16",20634775,20634775,1,"*","C","intron_variant&NMD_transcript_variant","MODIFIER","ACSM1","ENSG00000166743","Transcript","ENST00000519745","nonsense_mediated_decay",NA,"8/10",NA,NA,NA,NA,NA,NA,NA,NA,NA,"-1",NA,"HGNC","HGNC:18049",NA,NA,NA,NA,NA,NA,NA,NA,NA,NA,NA
"234","16",20634775,20634775,1,"*","C","intron_variant","MODIFIER","ACSM1","ENSG00000166743","Transcript","ENST00000520010","protein_coding",NA,"10/13",NA,NA,NA,NA,NA,NA,NA,NA,NA,"-1",NA,"HGNC","HGNC:18049",NA,NA,NA,NA,NA,NA,NA,NA,NA,NA,NA
"235","16",20634775,20634775,1,"*","C","intron_variant","MODIFIER","ACSM1","ENSG00000166743","Transcript","ENST00000524149","protein_coding",NA,"4/7",NA,NA,NA,NA,NA,NA,NA,NA,NA,"-1","cds_start_NF","HGNC","HGNC:18049",NA,NA,NA,NA,NA,NA,NA,NA,NA,NA,NA
"236","16",20638576,20638576,1,"*","T","intron_variant","MODIFIER","ACSM1","ENSG00000166743","Transcript","ENST00000307493","protein_coding",NA,"7/12",NA,NA,NA,NA,NA,NA,NA,NA,NA,"-1",NA,"HGNC","HGNC:18049",NA,NA,NA,NA,NA,NA,NA,NA,NA,NA,NA
"237","16",20638576,20638576,1,"*","T","intron_variant&non_coding_transcript_variant","MODIFIER","ACSM1","ENSG00000166743","Transcript","ENST00000519031","retained_intron",NA,"5/9",NA,NA,NA,NA,NA,NA,NA,NA,NA,"-1",NA,"HGNC","HGNC:18049",NA,NA,NA,NA,NA,NA,NA,NA,NA,NA,NA
"238","16",20638576,20638576,1,"*","T","intron_variant&NMD_transcript_variant","MODIFIER","ACSM1","ENSG00000166743","Transcript","ENST00000519745","nonsense_mediated_decay",NA,"7/10",NA,NA,NA,NA,NA,NA,NA,NA,NA,"-1",NA,"HGNC","HGNC:18049",NA,NA,NA,NA,NA,NA,NA,NA,NA,NA,NA
"239","16",20638576,20638576,1,"*","T","intron_variant","MODIFIER","ACSM1","ENSG00000166743","Transcript","ENST00000520010","protein_coding",NA,"8/13",NA,NA,NA,NA,NA,NA,NA,NA,NA,"-1",NA,"HGNC","HGNC:18049",NA,NA,NA,NA,NA,NA,NA,NA,NA,NA,NA
"240","16",20638576,20638576,1,"*","T","intron_variant","MODIFIER","ACSM1","ENSG00000166743","Transcript","ENST00000524149","protein_coding",NA,"3/7",NA,NA,NA,NA,NA,NA,NA,NA,NA,"-1","cds_start_NF","HGNC","HGNC:18049",NA,NA,NA,NA,NA,NA,NA,NA,NA,NA,NA
"241","16",20648702,20648702,1,"*","A","intron_variant","MODIFIER","ACSM1","ENSG00000166743","Transcript","ENST00000307493","protein_coding",NA,"6/12",NA,NA,NA,NA,NA,NA,NA,NA,NA,"-1",NA,"HGNC","HGNC:18049",NA,NA,NA,NA,NA,NA,NA,NA,NA,NA,NA
"242","16",20648702,20648702,1,"*","A","intron_variant&non_coding_transcript_variant","MODIFIER","ACSM1","ENSG00000166743","Transcript","ENST00000519031","retained_intron",NA,"4/9",NA,NA,NA,NA,NA,NA,NA,NA,NA,"-1",NA,"HGNC","HGNC:18049",NA,NA,NA,NA,NA,NA,NA,NA,NA,NA,NA
"243","16",20648702,20648702,1,"*","A","intron_variant&NMD_transcript_variant","MODIFIER","ACSM1","ENSG00000166743","Transcript","ENST00000519745","nonsense_mediated_decay",NA,"7/10",NA,NA,NA,NA,NA,NA,NA,NA,NA,"-1",NA,"HGNC","HGNC:18049",NA,NA,NA,NA,NA,NA,NA,NA,NA,NA,NA
"244","16",20648702,20648702,1,"*","A","intron_variant","MODIFIER","ACSM1","ENSG00000166743","Transcript","ENST00000520010","protein_coding",NA,"7/13",NA,NA,NA,NA,NA,NA,NA,NA,NA,"-1",NA,"HGNC","HGNC:18049",NA,NA,NA,NA,NA,NA,NA,NA,NA,NA,NA
"245","16",20648702,20648702,1,"*","A","intron_variant","MODIFIER","ACSM1","ENSG00000166743","Transcript","ENST00000524149","protein_coding",NA,"2/7",NA,NA,NA,NA,NA,NA,NA,NA,NA,"-1","cds_start_NF","HGNC","HGNC:18049",NA,NA,NA,NA,NA,NA,NA,NA,NA,NA,NA
"246","19",15508362,15508362,1,"*","C","upstream_gene_variant","MODIFIER","CYP4F22","ENSG00000171954","Transcript","ENST00000269703","protein_coding",NA,NA,NA,NA,NA,NA,NA,NA,NA,NA,"163","1",NA,"HGNC","HGNC:26820",NA,NA,NA,NA,NA,NA,NA,NA,NA,NA,NA
"247","19",15533821,15533821,1,"*","G","intron_variant","MODIFIER","CYP4F22","ENSG00000171954","Transcript","ENST00000269703","protein_coding",NA,"4/13",NA,NA,NA,NA,NA,NA,NA,NA,NA,"1",NA,"HGNC","HGNC:26820",NA,NA,NA,NA,NA,NA,NA,NA,NA,NA,NA
"248","19",15533821,15533821,1,"*","G","intron_variant","MODIFIER","CYP4F22","ENSG00000171954","Transcript","ENST00000601005","protein_coding",NA,"2/11",NA,NA,NA,NA,NA,NA,NA,NA,NA,"1",NA,"HGNC","HGNC:26820",NA,NA,NA,NA,NA,NA,NA,NA,NA,NA,NA
"249","20",2321105,2321105,1,"*","C","intron_variant","MODIFIER","TGM3","ENSG00000125780","Transcript","ENST00000381458","protein_coding",NA,"7/12",NA,NA,NA,NA,NA,NA,NA,NA,NA,"1",NA,"HGNC","HGNC:11779",NA,NA,NA,NA,NA,NA,NA,NA,NA,NA,NA
"250","20",2321105,2321105,1,"*","C","intron_variant&non_coding_transcript_variant","MODIFIER","TGM3","ENSG00000125780","Transcript","ENST00000463090","processed_transcript",NA,"3/3",NA,NA,NA,NA,NA,NA,NA,NA,NA,"1",NA,"HGNC","HGNC:11779",NA,NA,NA,NA,NA,NA,NA,NA,NA,NA,NA
"251","21",31655212,31655212,1,"*","C","upstream_gene_variant","MODIFIER","SOD1","ENSG00000142168","Transcript","ENST00000270142","protein_coding",NA,NA,NA,NA,NA,NA,NA,NA,NA,NA,"4481","1",NA,"HGNC","HGNC:11179",NA,NA,NA,NA,NA,NA,NA,NA,NA,NA,NA
"252","21",31655212,31655212,1,"*","C","upstream_gene_variant","MODIFIER","SOD1","ENSG00000142168","Transcript","ENST00000389995","protein_coding",NA,NA,NA,NA,NA,NA,NA,NA,NA,NA,"4454","1",NA,"HGNC","HGNC:11179",NA,NA,NA,NA,NA,NA,NA,NA,NA,NA,NA
"253","21",31655212,31655212,1,"*","C","upstream_gene_variant","MODIFIER","SOD1","ENSG00000142168","Transcript","ENST00000470944","processed_transcript",NA,NA,NA,NA,NA,NA,NA,NA,NA,NA,"4497","1",NA,"HGNC","HGNC:11179",NA,NA,NA,NA,NA,NA,NA,NA,NA,NA,NA
"254","21",31655212,31655212,1,"*","C","upstream_gene_variant","MODIFIER","SOD1","ENSG00000142168","Transcript","ENST00000476106","processed_transcript",NA,NA,NA,NA,NA,NA,NA,NA,NA,NA,"4481","1",NA,"HGNC","HGNC:11179",NA,NA,NA,NA,NA,NA,NA,NA,NA,NA,NA
"255","21",38308911,38308911,1,"*","A","downstream_gene_variant","MODIFIER","KCNJ15","ENSG00000157551","Transcript","ENST00000328656","protein_coding",NA,NA,NA,NA,NA,NA,NA,NA,NA,NA,"1554","1",NA,"HGNC","HGNC:6261",NA,NA,NA,NA,NA,NA,NA,NA,NA,NA,NA
"256","21",38308911,38308911,1,"*","A","downstream_gene_variant","MODIFIER","KCNJ15","ENSG00000157551","Transcript","ENST00000398938","protein_coding",NA,NA,NA,NA,NA,NA,NA,NA,NA,NA,"1554","1",NA,"HGNC","HGNC:6261",NA,NA,NA,NA,NA,NA,NA,NA,NA,NA,NA
"257","21",38444863,38444863,1,"*","T","intron_variant","MODIFIER","ERG","ENSG00000157554","Transcript","ENST00000288319","protein_coding",NA,"2/9",NA,NA,NA,NA,NA,NA,NA,NA,NA,"-1",NA,"HGNC","HGNC:3446",NA,NA,NA,NA,NA,NA,NA,NA,NA,NA,NA
"258","21",38444863,38444863,1,"*","T","intron_variant","MODIFIER","ERG","ENSG00000157554","Transcript","ENST00000398897","protein_coding",NA,"2/8",NA,NA,NA,NA,NA,NA,NA,NA,NA,"-1",NA,"HGNC","HGNC:3446",NA,NA,NA,NA,NA,NA,NA,NA,NA,NA,NA
"259","21",38444863,38444863,1,"*","T","intron_variant","MODIFIER","ERG","ENSG00000157554","Transcript","ENST00000398905","protein_coding",NA,"2/8",NA,NA,NA,NA,NA,NA,NA,NA,NA,"-1",NA,"HGNC","HGNC:3446",NA,NA,NA,NA,NA,NA,NA,NA,NA,NA,NA
"260","21",38444863,38444863,1,"*","T","intron_variant","MODIFIER","ERG","ENSG00000157554","Transcript","ENST00000398907","protein_coding",NA,"2/8",NA,NA,NA,NA,NA,NA,NA,NA,NA,"-1",NA,"HGNC","HGNC:3446",NA,NA,NA,NA,NA,NA,NA,NA,NA,NA,NA
"261","21",38444863,38444863,1,"*","T","intron_variant","MODIFIER","ERG","ENSG00000157554","Transcript","ENST00000398910","protein_coding",NA,"4/10",NA,NA,NA,NA,NA,NA,NA,NA,NA,"-1",NA,"HGNC","HGNC:3446",NA,NA,NA,NA,NA,NA,NA,NA,NA,NA,NA
"262","21",38444863,38444863,1,"*","T","intron_variant","MODIFIER","ERG","ENSG00000157554","Transcript","ENST00000398911","protein_coding",NA,"3/9",NA,NA,NA,NA,NA,NA,NA,NA,NA,"-1",NA,"HGNC","HGNC:3446",NA,NA,NA,NA,NA,NA,NA,NA,NA,NA,NA
"263","21",38444863,38444863,1,"*","T","intron_variant","MODIFIER","ERG","ENSG00000157554","Transcript","ENST00000398919","protein_coding",NA,"4/11",NA,NA,NA,NA,NA,NA,NA,NA,NA,"-1",NA,"HGNC","HGNC:3446",NA,NA,NA,NA,NA,NA,NA,NA,NA,NA,NA
"264","21",38444863,38444863,1,"*","T","intron_variant","MODIFIER","ERG","ENSG00000157554","Transcript","ENST00000417133","protein_coding",NA,"4/11",NA,NA,NA,NA,NA,NA,NA,NA,NA,"-1",NA,"HGNC","HGNC:3446",NA,NA,NA,NA,NA,NA,NA,NA,NA,NA,NA
"265","21",38444863,38444863,1,"*","T","intron_variant","MODIFIER","ERG","ENSG00000157554","Transcript","ENST00000429727","protein_coding",NA,"4/8",NA,NA,NA,NA,NA,NA,NA,NA,NA,"-1",NA,"HGNC","HGNC:3446",NA,NA,NA,NA,NA,NA,NA,NA,NA,NA,NA
"266","21",38444863,38444863,1,"*","T","intron_variant","MODIFIER","ERG","ENSG00000157554","Transcript","ENST00000442448","protein_coding",NA,"4/10",NA,NA,NA,NA,NA,NA,NA,NA,NA,"-1",NA,"HGNC","HGNC:3446",NA,NA,NA,NA,NA,NA,NA,NA,NA,NA,NA
"267","21",38444863,38444863,1,"*","T","intron_variant","MODIFIER","ERG","ENSG00000157554","Transcript","ENST00000453032","protein_coding",NA,"1/8",NA,NA,NA,NA,NA,NA,NA,NA,NA,"-1",NA,"HGNC","HGNC:3446",NA,NA,NA,NA,NA,NA,NA,NA,NA,NA,NA
"268","21",38444863,38444863,1,"*","T","intron_variant&non_coding_transcript_variant","MODIFIER","ERG","ENSG00000157554","Transcript","ENST00000468474","retained_intron",NA,"4/7",NA,NA,NA,NA,NA,NA,NA,NA,NA,"-1",NA,"HGNC","HGNC:3446",NA,NA,NA,NA,NA,NA,NA,NA,NA,NA,NA
"269","21",38444863,38444863,1,"*","T","intron_variant&non_coding_transcript_variant","MODIFIER","ERG","ENSG00000157554","Transcript","ENST00000473107","processed_transcript",NA,"2/3",NA,NA,NA,NA,NA,NA,NA,NA,NA,"-1",NA,"HGNC","HGNC:3446",NA,NA,NA,NA,NA,NA,NA,NA,NA,NA,NA
"270","21",38444863,38444863,1,"*","T","intron_variant&non_coding_transcript_variant","MODIFIER","ERG","ENSG00000157554","Transcript","ENST00000481609","processed_transcript",NA,"3/7",NA,NA,NA,NA,NA,NA,NA,NA,NA,"-1",NA,"HGNC","HGNC:3446",NA,NA,NA,NA,NA,NA,NA,NA,NA,NA,NA
"271","21",38444863,38444863,1,"*","T","intron_variant&non_coding_transcript_variant","MODIFIER","ERG","ENSG00000157554","Transcript","ENST00000492833","processed_transcript",NA,"1/5",NA,NA,NA,NA,NA,NA,NA,NA,NA,"-1",NA,"HGNC","HGNC:3446",NA,NA,NA,NA,NA,NA,NA,NA,NA,NA,NA
"272","21",38444890,38444890,1,"*","G","intron_variant","MODIFIER","ERG","ENSG00000157554","Transcript","ENST00000288319","protein_coding",NA,"2/9",NA,NA,NA,NA,NA,NA,NA,NA,NA,"-1",NA,"HGNC","HGNC:3446",NA,NA,NA,NA,NA,NA,NA,NA,NA,NA,NA
"273","21",38444890,38444890,1,"*","G","intron_variant","MODIFIER","ERG","ENSG00000157554","Transcript","ENST00000398897","protein_coding",NA,"2/8",NA,NA,NA,NA,NA,NA,NA,NA,NA,"-1",NA,"HGNC","HGNC:3446",NA,NA,NA,NA,NA,NA,NA,NA,NA,NA,NA
"274","21",38444890,38444890,1,"*","G","intron_variant","MODIFIER","ERG","ENSG00000157554","Transcript","ENST00000398905","protein_coding",NA,"2/8",NA,NA,NA,NA,NA,NA,NA,NA,NA,"-1",NA,"HGNC","HGNC:3446",NA,NA,NA,NA,NA,NA,NA,NA,NA,NA,NA
"275","21",38444890,38444890,1,"*","G","intron_variant","MODIFIER","ERG","ENSG00000157554","Transcript","ENST00000398907","protein_coding",NA,"2/8",NA,NA,NA,NA,NA,NA,NA,NA,NA,"-1",NA,"HGNC","HGNC:3446",NA,NA,NA,NA,NA,NA,NA,NA,NA,NA,NA
"276","21",38444890,38444890,1,"*","G","intron_variant","MODIFIER","ERG","ENSG00000157554","Transcript","ENST00000398910","protein_coding",NA,"4/10",NA,NA,NA,NA,NA,NA,NA,NA,NA,"-1",NA,"HGNC","HGNC:3446",NA,NA,NA,NA,NA,NA,NA,NA,NA,NA,NA
"277","21",38444890,38444890,1,"*","G","intron_variant","MODIFIER","ERG","ENSG00000157554","Transcript","ENST00000398911","protein_coding",NA,"3/9",NA,NA,NA,NA,NA,NA,NA,NA,NA,"-1",NA,"HGNC","HGNC:3446",NA,NA,NA,NA,NA,NA,NA,NA,NA,NA,NA
"278","21",38444890,38444890,1,"*","G","intron_variant","MODIFIER","ERG","ENSG00000157554","Transcript","ENST00000398919","protein_coding",NA,"4/11",NA,NA,NA,NA,NA,NA,NA,NA,NA,"-1",NA,"HGNC","HGNC:3446",NA,NA,NA,NA,NA,NA,NA,NA,NA,NA,NA
"279","21",38444890,38444890,1,"*","G","intron_variant","MODIFIER","ERG","ENSG00000157554","Transcript","ENST00000417133","protein_coding",NA,"4/11",NA,NA,NA,NA,NA,NA,NA,NA,NA,"-1",NA,"HGNC","HGNC:3446",NA,NA,NA,NA,NA,NA,NA,NA,NA,NA,NA
"280","21",38444890,38444890,1,"*","G","intron_variant","MODIFIER","ERG","ENSG00000157554","Transcript","ENST00000429727","protein_coding",NA,"4/8",NA,NA,NA,NA,NA,NA,NA,NA,NA,"-1",NA,"HGNC","HGNC:3446",NA,NA,NA,NA,NA,NA,NA,NA,NA,NA,NA
"281","21",38444890,38444890,1,"*","G","intron_variant","MODIFIER","ERG","ENSG00000157554","Transcript","ENST00000442448","protein_coding",NA,"4/10",NA,NA,NA,NA,NA,NA,NA,NA,NA,"-1",NA,"HGNC","HGNC:3446",NA,NA,NA,NA,NA,NA,NA,NA,NA,NA,NA
"282","21",38444890,38444890,1,"*","G","intron_variant","MODIFIER","ERG","ENSG00000157554","Transcript","ENST00000453032","protein_coding",NA,"1/8",NA,NA,NA,NA,NA,NA,NA,NA,NA,"-1",NA,"HGNC","HGNC:3446",NA,NA,NA,NA,NA,NA,NA,NA,NA,NA,NA
"283","21",38444890,38444890,1,"*","G","intron_variant&non_coding_transcript_variant","MODIFIER","ERG","ENSG00000157554","Transcript","ENST00000468474","retained_intron",NA,"4/7",NA,NA,NA,NA,NA,NA,NA,NA,NA,"-1",NA,"HGNC","HGNC:3446",NA,NA,NA,NA,NA,NA,NA,NA,NA,NA,NA
"284","21",38444890,38444890,1,"*","G","intron_variant&non_coding_transcript_variant","MODIFIER","ERG","ENSG00000157554","Transcript","ENST00000473107","processed_transcript",NA,"2/3",NA,NA,NA,NA,NA,NA,NA,NA,NA,"-1",NA,"HGNC","HGNC:3446",NA,NA,NA,NA,NA,NA,NA,NA,NA,NA,NA
"285","21",38444890,38444890,1,"*","G","intron_variant&non_coding_transcript_variant","MODIFIER","ERG","ENSG00000157554","Transcript","ENST00000481609","processed_transcript",NA,"3/7",NA,NA,NA,NA,NA,NA,NA,NA,NA,"-1",NA,"HGNC","HGNC:3446",NA,NA,NA,NA,NA,NA,NA,NA,NA,NA,NA
"286","21",38444890,38444890,1,"*","G","intron_variant&non_coding_transcript_variant","MODIFIER","ERG","ENSG00000157554","Transcript","ENST00000492833","processed_transcript",NA,"1/5",NA,NA,NA,NA,NA,NA,NA,NA,NA,"-1",NA,"HGNC","HGNC:3446",NA,NA,NA,NA,NA,NA,NA,NA,NA,NA,NA
"287","21",38512956,38512956,1,"*","G","intron_variant","MODIFIER","ERG","ENSG00000157554","Transcript","ENST00000398897","protein_coding",NA,"2/8",NA,NA,NA,NA,NA,NA,NA,NA,NA,"-1",NA,"HGNC","HGNC:3446",NA,NA,NA,NA,NA,NA,NA,NA,NA,NA,NA
"288","21",38512956,38512956,1,"*","G","intron_variant","MODIFIER","ERG","ENSG00000157554","Transcript","ENST00000398910","protein_coding",NA,"3/10",NA,NA,NA,NA,NA,NA,NA,NA,NA,"-1",NA,"HGNC","HGNC:3446",NA,NA,NA,NA,NA,NA,NA,NA,NA,NA,NA
"289","21",38512956,38512956,1,"*","G","intron_variant","MODIFIER","ERG","ENSG00000157554","Transcript","ENST00000398911","protein_coding",NA,"2/9",NA,NA,NA,NA,NA,NA,NA,NA,NA,"-1",NA,"HGNC","HGNC:3446",NA,NA,NA,NA,NA,NA,NA,NA,NA,NA,NA
"290","21",38512956,38512956,1,"*","G","intron_variant","MODIFIER","ERG","ENSG00000157554","Transcript","ENST00000398919","protein_coding",NA,"3/11",NA,NA,NA,NA,NA,NA,NA,NA,NA,"-1",NA,"HGNC","HGNC:3446",NA,NA,NA,NA,NA,NA,NA,NA,NA,NA,NA
"291","21",38512956,38512956,1,"*","G","intron_variant","MODIFIER","ERG","ENSG00000157554","Transcript","ENST00000417133","protein_coding",NA,"3/11",NA,NA,NA,NA,NA,NA,NA,NA,NA,"-1",NA,"HGNC","HGNC:3446",NA,NA,NA,NA,NA,NA,NA,NA,NA,NA,NA
"292","21",38512956,38512956,1,"*","G","intron_variant","MODIFIER","ERG","ENSG00000157554","Transcript","ENST00000429727","protein_coding",NA,"3/8",NA,NA,NA,NA,NA,NA,NA,NA,NA,"-1",NA,"HGNC","HGNC:3446",NA,NA,NA,NA,NA,NA,NA,NA,NA,NA,NA
"293","21",38512956,38512956,1,"*","G","intron_variant","MODIFIER","ERG","ENSG00000157554","Transcript","ENST00000442448","protein_coding",NA,"3/10",NA,NA,NA,NA,NA,NA,NA,NA,NA,"-1",NA,"HGNC","HGNC:3446",NA,NA,NA,NA,NA,NA,NA,NA,NA,NA,NA
"294","21",38512956,38512956,1,"*","G","intron_variant&non_coding_transcript_variant","MODIFIER","ERG","ENSG00000157554","Transcript","ENST00000468474","retained_intron",NA,"3/7",NA,NA,NA,NA,NA,NA,NA,NA,NA,"-1",NA,"HGNC","HGNC:3446",NA,NA,NA,NA,NA,NA,NA,NA,NA,NA,NA
"295","21",38512956,38512956,1,"*","G","intron_variant&non_coding_transcript_variant","MODIFIER","ERG","ENSG00000157554","Transcript","ENST00000485493","processed_transcript",NA,"3/4",NA,NA,NA,NA,NA,NA,NA,NA,NA,"-1",NA,"HGNC","HGNC:3446",NA,NA,NA,NA,NA,NA,NA,NA,NA,NA,NA
"296","21",38525356,38525356,1,"*","C","intron_variant","MODIFIER","ERG","ENSG00000157554","Transcript","ENST00000398897","protein_coding",NA,"2/8",NA,NA,NA,NA,NA,NA,NA,NA,NA,"-1",NA,"HGNC","HGNC:3446",NA,NA,NA,NA,NA,NA,NA,NA,NA,NA,NA
"297","21",38525356,38525356,1,"*","C","intron_variant","MODIFIER","ERG","ENSG00000157554","Transcript","ENST00000398910","protein_coding",NA,"3/10",NA,NA,NA,NA,NA,NA,NA,NA,NA,"-1",NA,"HGNC","HGNC:3446",NA,NA,NA,NA,NA,NA,NA,NA,NA,NA,NA
"298","21",38525356,38525356,1,"*","C","intron_variant","MODIFIER","ERG","ENSG00000157554","Transcript","ENST00000398911","protein_coding",NA,"2/9",NA,NA,NA,NA,NA,NA,NA,NA,NA,"-1",NA,"HGNC","HGNC:3446",NA,NA,NA,NA,NA,NA,NA,NA,NA,NA,NA
"299","21",38525356,38525356,1,"*","C","intron_variant","MODIFIER","ERG","ENSG00000157554","Transcript","ENST00000398919","protein_coding",NA,"3/11",NA,NA,NA,NA,NA,NA,NA,NA,NA,"-1",NA,"HGNC","HGNC:3446",NA,NA,NA,NA,NA,NA,NA,NA,NA,NA,NA
"300","21",38525356,38525356,1,"*","C","intron_variant","MODIFIER","ERG","ENSG00000157554","Transcript","ENST00000417133","protein_coding",NA,"3/11",NA,NA,NA,NA,NA,NA,NA,NA,NA,"-1",NA,"HGNC","HGNC:3446",NA,NA,NA,NA,NA,NA,NA,NA,NA,NA,NA
"301","21",38525356,38525356,1,"*","C","intron_variant","MODIFIER","ERG","ENSG00000157554","Transcript","ENST00000429727","protein_coding",NA,"3/8",NA,NA,NA,NA,NA,NA,NA,NA,NA,"-1",NA,"HGNC","HGNC:3446",NA,NA,NA,NA,NA,NA,NA,NA,NA,NA,NA
"302","21",38525356,38525356,1,"*","C","intron_variant","MODIFIER","ERG","ENSG00000157554","Transcript","ENST00000442448","protein_coding",NA,"3/10",NA,NA,NA,NA,NA,NA,NA,NA,NA,"-1",NA,"HGNC","HGNC:3446",NA,NA,NA,NA,NA,NA,NA,NA,NA,NA,NA
"303","21",38525356,38525356,1,"*","C","intron_variant&non_coding_transcript_variant","MODIFIER","ERG","ENSG00000157554","Transcript","ENST00000468474","retained_intron",NA,"3/7",NA,NA,NA,NA,NA,NA,NA,NA,NA,"-1",NA,"HGNC","HGNC:3446",NA,NA,NA,NA,NA,NA,NA,NA,NA,NA,NA
"304","21",38525356,38525356,1,"*","C","intron_variant&non_coding_transcript_variant","MODIFIER","ERG","ENSG00000157554","Transcript","ENST00000485493","processed_transcript",NA,"3/4",NA,NA,NA,NA,NA,NA,NA,NA,NA,"-1",NA,"HGNC","HGNC:3446",NA,NA,NA,NA,NA,NA,NA,NA,NA,NA,NA
"305","21",38528987,38528987,1,"*","A","intron_variant","MODIFIER","ERG","ENSG00000157554","Transcript","ENST00000398897","protein_coding",NA,"2/8",NA,NA,NA,NA,NA,NA,NA,NA,NA,"-1",NA,"HGNC","HGNC:3446",NA,NA,NA,NA,NA,NA,NA,NA,NA,NA,NA
"306","21",38528987,38528987,1,"*","A","intron_variant","MODIFIER","ERG","ENSG00000157554","Transcript","ENST00000398910","protein_coding",NA,"3/10",NA,NA,NA,NA,NA,NA,NA,NA,NA,"-1",NA,"HGNC","HGNC:3446",NA,NA,NA,NA,NA,NA,NA,NA,NA,NA,NA
"307","21",38528987,38528987,1,"*","A","intron_variant","MODIFIER","ERG","ENSG00000157554","Transcript","ENST00000398911","protein_coding",NA,"2/9",NA,NA,NA,NA,NA,NA,NA,NA,NA,"-1",NA,"HGNC","HGNC:3446",NA,NA,NA,NA,NA,NA,NA,NA,NA,NA,NA
"308","21",38528987,38528987,1,"*","A","intron_variant","MODIFIER","ERG","ENSG00000157554","Transcript","ENST00000398919","protein_coding",NA,"3/11",NA,NA,NA,NA,NA,NA,NA,NA,NA,"-1",NA,"HGNC","HGNC:3446",NA,NA,NA,NA,NA,NA,NA,NA,NA,NA,NA
"309","21",38528987,38528987,1,"*","A","intron_variant","MODIFIER","ERG","ENSG00000157554","Transcript","ENST00000417133","protein_coding",NA,"3/11",NA,NA,NA,NA,NA,NA,NA,NA,NA,"-1",NA,"HGNC","HGNC:3446",NA,NA,NA,NA,NA,NA,NA,NA,NA,NA,NA
"310","21",38528987,38528987,1,"*","A","intron_variant","MODIFIER","ERG","ENSG00000157554","Transcript","ENST00000429727","protein_coding",NA,"3/8",NA,NA,NA,NA,NA,NA,NA,NA,NA,"-1",NA,"HGNC","HGNC:3446",NA,NA,NA,NA,NA,NA,NA,NA,NA,NA,NA
"311","21",38528987,38528987,1,"*","A","intron_variant","MODIFIER","ERG","ENSG00000157554","Transcript","ENST00000442448","protein_coding",NA,"3/10",NA,NA,NA,NA,NA,NA,NA,NA,NA,"-1",NA,"HGNC","HGNC:3446",NA,NA,NA,NA,NA,NA,NA,NA,NA,NA,NA
"312","21",38528987,38528987,1,"*","A","intron_variant&non_coding_transcript_variant","MODIFIER","ERG","ENSG00000157554","Transcript","ENST00000468474","retained_intron",NA,"3/7",NA,NA,NA,NA,NA,NA,NA,NA,NA,"-1",NA,"HGNC","HGNC:3446",NA,NA,NA,NA,NA,NA,NA,NA,NA,NA,NA
"313","21",38528987,38528987,1,"*","A","intron_variant&non_coding_transcript_variant","MODIFIER","ERG","ENSG00000157554","Transcript","ENST00000485493","processed_transcript",NA,"3/4",NA,NA,NA,NA,NA,NA,NA,NA,NA,"-1",NA,"HGNC","HGNC:3446",NA,NA,NA,NA,NA,NA,NA,NA,NA,NA,NA
"314","21",38568009,38568009,1,"*","C","intron_variant","MODIFIER","ERG","ENSG00000157554","Transcript","ENST00000398897","protein_coding",NA,"2/8",NA,NA,NA,NA,NA,NA,NA,NA,NA,"-1",NA,"HGNC","HGNC:3446",NA,NA,NA,NA,NA,NA,NA,NA,NA,NA,NA
"315","21",38568009,38568009,1,"*","C","intron_variant","MODIFIER","ERG","ENSG00000157554","Transcript","ENST00000398910","protein_coding",NA,"3/10",NA,NA,NA,NA,NA,NA,NA,NA,NA,"-1",NA,"HGNC","HGNC:3446",NA,NA,NA,NA,NA,NA,NA,NA,NA,NA,NA
"316","21",38568009,38568009,1,"*","C","intron_variant","MODIFIER","ERG","ENSG00000157554","Transcript","ENST00000398911","protein_coding",NA,"2/9",NA,NA,NA,NA,NA,NA,NA,NA,NA,"-1",NA,"HGNC","HGNC:3446",NA,NA,NA,NA,NA,NA,NA,NA,NA,NA,NA
"317","21",38568009,38568009,1,"*","C","intron_variant","MODIFIER","ERG","ENSG00000157554","Transcript","ENST00000398919","protein_coding",NA,"3/11",NA,NA,NA,NA,NA,NA,NA,NA,NA,"-1",NA,"HGNC","HGNC:3446",NA,NA,NA,NA,NA,NA,NA,NA,NA,NA,NA
"318","21",38568009,38568009,1,"*","C","intron_variant","MODIFIER","ERG","ENSG00000157554","Transcript","ENST00000417133","protein_coding",NA,"3/11",NA,NA,NA,NA,NA,NA,NA,NA,NA,"-1",NA,"HGNC","HGNC:3446",NA,NA,NA,NA,NA,NA,NA,NA,NA,NA,NA
"319","21",38568009,38568009,1,"*","C","intron_variant","MODIFIER","ERG","ENSG00000157554","Transcript","ENST00000429727","protein_coding",NA,"3/8",NA,NA,NA,NA,NA,NA,NA,NA,NA,"-1",NA,"HGNC","HGNC:3446",NA,NA,NA,NA,NA,NA,NA,NA,NA,NA,NA
"320","21",38568009,38568009,1,"*","C","intron_variant","MODIFIER","ERG","ENSG00000157554","Transcript","ENST00000442448","protein_coding",NA,"3/10",NA,NA,NA,NA,NA,NA,NA,NA,NA,"-1",NA,"HGNC","HGNC:3446",NA,NA,NA,NA,NA,NA,NA,NA,NA,NA,NA
"321","21",38568009,38568009,1,"*","C","intron_variant&non_coding_transcript_variant","MODIFIER","ERG","ENSG00000157554","Transcript","ENST00000468474","retained_intron",NA,"3/7",NA,NA,NA,NA,NA,NA,NA,NA,NA,"-1",NA,"HGNC","HGNC:3446",NA,NA,NA,NA,NA,NA,NA,NA,NA,NA,NA
"322","21",38568009,38568009,1,"*","C","intron_variant&non_coding_transcript_variant","MODIFIER","ERG","ENSG00000157554","Transcript","ENST00000485493","processed_transcript",NA,"3/4",NA,NA,NA,NA,NA,NA,NA,NA,NA,"-1",NA,"HGNC","HGNC:3446",NA,NA,NA,NA,NA,NA,NA,NA,NA,NA,NA
"323","22",23980968,23980968,1,"*","A","missense_variant","MODERATE","GSTT2","ENSG00000099984","Transcript","ENST00000402588","polymorphic_pseudogene","2/5",NA,NA,NA,"273","133","45","F/I","Ttc/Atc",NA,NA,"1",NA,"HGNC","HGNC:4642","deleterious(0)","benign(0.267)",NA,NA,NA,NA,NA,NA,NA,NA,NA
"324","22",23980968,23980968,1,"*","A","missense_variant","MODERATE","GSTT2","ENSG00000099984","Transcript","ENST00000621118","protein_coding","2/6",NA,NA,NA,"208","133","45","F/I","Ttc/Atc",NA,NA,"1",NA,"HGNC","HGNC:4642","deleterious(0)","benign(0.267)",NA,NA,NA,NA,NA,NA,NA,NA,NA
"325","22",23980968,23980968,1,"*","A","missense_variant","MODERATE","GSTT2","ENSG00000099984","Transcript","ENST00000634759","polymorphic_pseudogene","2/5",NA,NA,NA,"273","133","45","F/I","Ttc/Atc",NA,NA,"1",NA,"HGNC","HGNC:4642","deleterious(0)","possibly_damaging(0.524)",NA,NA,NA,NA,NA,NA,NA,NA,NA
